# This file was produced by samtools stats (1.10+htslib-1.10.2) and can be plotted using plot-bamstats
# This file contains statistics for all reads.
# The command line was:  stats -r grch38.chr22.fasta analysis_ready_reads.bam
# CHK, Checksum	[2]Read Names	[3]Sequences	[4]Qualities
# CHK, CRC32 of reads which passed filtering followed by addition (32bit overflow)
CHK	75659724	b5686441	f1c4b7d7
# Summary Numbers. Use `grep ^SN | cut -f 2-` to extract this part.
SN	raw total sequences:	1734090
SN	filtered sequences:	0
SN	sequences:	1734090
SN	is sorted:	1
SN	1st fragments:	867045
SN	last fragments:	867045
SN	reads mapped:	1732799
SN	reads mapped and paired:	1731508	# paired-end technology bit set + both mates mapped
SN	reads unmapped:	1291
SN	reads properly paired:	1729366	# proper-pair bit set
SN	reads paired:	1734090	# paired-end technology bit set
SN	reads duplicated:	260934	# PCR or optical duplicate bit set
SN	reads MQ0:	83796	# mapped and MQ=0
SN	reads QC failed:	0
SN	non-primary alignments:	0
SN	total length:	175143090	# ignores clipping
SN	total first fragment length:	87571545	# ignores clipping
SN	total last fragment length:	87571545	# ignores clipping
SN	bases mapped:	175012699	# ignores clipping
SN	bases mapped (cigar):	173676415	# more accurate
SN	bases trimmed:	0
SN	bases duplicated:	26354334
SN	mismatches:	281761	# from NM fields
SN	error rate:	1.622333e-03	# mismatches / bases mapped (cigar)
SN	average length:	101
SN	average first fragment length:	101
SN	average last fragment length:	101
SN	maximum length:	101
SN	maximum first fragment length:	101
SN	maximum last fragment length:	101
SN	average quality:	36.3
SN	insert size average:	188.1
SN	insert size standard deviation:	57.6
SN	inward oriented pairs:	843253
SN	outward oriented pairs:	22394
SN	pairs with other orientation:	107
SN	pairs on different chromosomes:	0
SN	percentage of properly paired reads (%):	99.7
# First Fragment Qualities. Use `grep ^FFQ | cut -f 2-` to extract this part.
# Columns correspond to qualities and rows to cycles. First column is the cycle number.
FFQ	1	0	0	302	0	0	0	0	0	0	0	0	0	0	0	7646	0	0	0	0	0	0	0	0	0	0	0	0	0	0	0	0	0	0	0	859097	0	0	0	0	0	0	0	0
FFQ	2	0	0	79	0	0	0	12	0	1324	0	166	0	0	0	0	1014	3662	437	815	0	360	0	0	0	0	0	0	0	0	0	0	14094	122991	49715	99600	195714	57474	240055	63019	16514	0	0	0
FFQ	3	0	0	5	0	0	0	0	0	1127	0	123	0	0	0	681	2471	460	1030	0	463	0	0	0	0	0	0	0	0	0	0	0	19581	73127	48877	62664	235348	86796	117779	134838	81675	0	0	0
FFQ	4	0	0	0	0	0	77	0	0	1278	0	322	0	0	0	0	547	2422	543	511	153	732	0	0	0	0	0	0	0	0	0	0	24247	82128	45593	60658	251543	100133	122329	119398	54431	0	0	0
FFQ	5	0	0	132	0	0	0	61	0	0	1561	0	201	0	0	0	755	1250	364	961	660	673	0	0	0	0	0	0	0	0	0	0	29558	101707	141640	75625	236890	84438	52432	66511	71626	0	0	0
FFQ	6	0	0	0	0	0	0	46	0	0	0	679	0	159	0	0	479	1203	341	902	314	30	0	0	0	0	0	0	0	0	0	0	0	27933	78296	69683	77173	122649	72681	96160	174804	143513	0	0
FFQ	7	0	0	0	0	0	0	14	0	0	752	0	184	0	0	0	808	1118	449	817	256	127	0	0	0	0	0	0	0	0	0	0	24457	76356	56331	126559	109027	76463	235893	108037	49397	0	0	0
FFQ	8	0	0	0	0	0	0	15	0	0	854	0	166	0	0	779	1185	358	892	354	72	0	0	0	0	0	0	0	0	0	0	0	20839	64632	76942	112318	155420	74989	188982	119448	48800	0	0	0
FFQ	9	0	0	0	0	0	0	6	0	406	0	213	0	0	0	0	570	1258	499	1151	107	133	0	0	0	0	0	0	0	0	0	0	15351	46578	25092	66146	196030	125847	200158	140660	46840	0	0	0
FFQ	10	0	0	0	0	0	40	159	45	0	1194	0	182	47	124	541	1050	183	1069	641	698	0	0	0	0	0	0	0	0	0	0	0	27187	88338	111973	77763	295201	53647	102450	63641	40872	0	0	0
FFQ	11	0	0	0	0	0	0	16	0	0	494	0	259	0	0	0	593	1270	292	857	111	276	0	0	0	0	0	0	0	0	0	0	40419	44526	62484	54757	154110	88296	100524	177277	140484	0	0	0
FFQ	12	0	0	0	0	0	0	16	0	0	804	0	167	0	0	0	920	1682	408	815	321	316	0	0	0	0	0	0	0	0	0	0	17979	98369	56571	107152	154999	75168	207515	88589	55254	0	0	0
FFQ	13	0	0	0	0	0	0	0	0	520	0	220	0	0	0	0	634	1401	412	751	115	311	0	0	0	0	0	0	0	0	0	0	0	38988	60081	57857	62075	176837	83230	149496	134871	99246	0	0
FFQ	14	0	0	0	0	0	0	0	0	651	0	159	0	0	0	0	775	1566	347	700	0	368	0	0	0	0	0	0	0	0	0	0	0	26468	73064	49991	73222	210753	72850	186233	112162	57736	0	0
FFQ	15	0	0	1	0	0	0	0	0	0	860	0	249	0	0	0	609	1265	323	768	0	410	0	0	0	0	0	0	0	0	0	0	0	43869	52348	98125	68109	217910	66240	132001	104400	79558	0	0
FFQ	16	0	0	0	0	0	0	0	0	853	0	201	0	0	0	0	679	1300	454	806	78	357	0	0	0	0	0	0	0	0	0	0	0	0	29603	58120	71947	86409	201692	83786	147655	120512	62593	0
FFQ	17	0	0	1	0	0	38	99	66	853	0	271	77	84	0	773	1293	324	968	514	374	0	0	0	0	0	0	0	0	0	0	0	0	29572	63325	68798	87752	197703	85867	145803	117197	65293	0	0
FFQ	18	0	0	0	0	0	0	21	0	0	860	0	259	0	0	782	1357	434	821	85	348	0	0	0	0	0	0	0	0	0	0	0	0	29803	63355	69408	85573	191474	87386	143338	122850	68891	0	0
FFQ	19	0	0	2	0	0	0	22	0	0	980	0	252	0	0	765	1340	379	680	0	351	0	0	0	0	0	0	0	0	0	0	0	0	30155	62989	66917	86105	188703	86755	149299	121829	69522	0	0
FFQ	20	0	0	0	0	0	0	12	0	879	0	267	0	0	0	0	698	1399	392	800	0	419	0	0	0	0	0	0	0	0	0	0	0	29792	63326	66782	85778	189836	85829	152063	121102	67671	0	0
FFQ	21	0	0	0	0	0	0	57	0	0	965	0	293	0	0	0	729	1365	382	654	0	395	0	0	0	0	0	0	0	0	0	0	0	29209	62436	66806	85468	193708	86381	150725	121617	65855	0	0
FFQ	22	0	0	0	0	0	68	0	0	1158	0	328	0	0	0	0	793	1364	379	621	0	559	0	0	0	0	0	0	0	0	0	0	0	29203	61151	68918	82981	196429	85438	148738	120839	68078	0	0
FFQ	23	0	0	0	0	0	0	79	0	1238	0	335	0	0	0	0	781	1381	390	604	0	567	0	0	0	0	0	0	0	0	0	0	0	29635	61628	69492	83685	195660	85996	148922	120167	66485	0	0
FFQ	24	0	0	0	0	0	0	69	0	1267	0	292	0	0	0	0	754	1430	395	614	0	592	0	0	0	0	0	0	0	0	0	0	0	29469	62830	68528	84744	195889	85856	146367	120088	67861	0	0
FFQ	25	0	0	0	0	0	0	58	0	1303	0	382	0	0	0	855	1403	358	636	0	599	0	0	0	0	0	0	0	0	0	0	0	0	29503	62077	68174	83193	194085	86184	147244	122052	68939	0	0
FFQ	26	0	0	0	0	0	126	311	256	1108	0	345	420	286	0	810	1246	0	513	0	663	0	0	0	0	0	0	0	0	0	0	0	0	30051	62268	67316	85818	193430	85477	147830	121373	67398	0	0
FFQ	27	0	0	2	40	382	348	0	0	1229	0	399	417	271	0	812	1440	0	541	0	643	0	0	0	0	0	0	0	0	0	0	0	0	29998	62828	66461	84913	192406	86389	147143	121931	68452	0	0
FFQ	28	0	0	0	0	64	426	320	0	1170	0	376	540	378	0	0	543	1451	0	925	434	673	0	0	0	0	0	0	0	0	0	0	0	30337	62424	67672	83809	192441	85726	146949	121233	69154	0	0
FFQ	29	0	0	1	0	43	425	227	0	1233	0	412	421	284	0	0	836	1399	0	543	0	698	0	0	0	0	0	0	0	0	0	0	0	30865	63418	68134	85341	192773	84861	146832	120246	68053	0	0
FFQ	30	0	0	0	0	0	140	352	275	1244	0	391	455	288	0	759	1432	0	600	0	706	0	0	0	0	0	0	0	0	0	0	0	0	29826	62353	68355	84122	191700	85641	147119	123227	68060	0	0
FFQ	31	0	0	1	0	39	490	315	1281	0	415	485	289	0	0	0	854	1437	0	576	94	650	0	0	0	0	0	0	0	0	0	0	30604	62272	68616	84568	191515	84962	147773	121775	68034	0	0	0
FFQ	32	0	0	0	0	33	544	252	1335	0	429	443	288	0	0	879	1499	0	576	97	726	0	0	0	0	0	0	0	0	0	0	0	0	0	29912	63449	68550	86223	190747	84766	148252	120504	67541	0
FFQ	33	0	0	13	51	423	406	0	0	1353	0	388	445	289	0	795	1486	0	557	90	789	0	0	0	0	0	0	0	0	0	0	0	0	29408	61891	68126	84607	192143	85864	148066	122430	67425	0	0
FFQ	34	0	0	0	0	35	504	311	0	1366	0	439	459	281	0	848	1462	0	574	0	794	0	0	0	0	0	0	0	0	0	0	0	0	0	30890	61996	68764	84563	193198	85033	147098	121419	67011	0
FFQ	35	0	0	1	0	42	517	277	1321	0	419	514	250	0	0	843	1547	0	714	109	757	0	0	0	0	0	0	0	0	0	0	0	0	29887	62624	68231	85351	192765	85302	146895	121230	67449	0	0
FFQ	36	0	0	1	0	29	533	279	0	1409	0	445	456	285	0	852	1505	0	566	0	770	0	0	0	0	0	0	0	0	0	0	0	0	30307	62890	69199	85673	189555	86009	145949	122252	68081	0	0
FFQ	37	0	0	0	44	410	385	0	0	1365	0	429	502	281	0	852	1502	0	637	105	779	0	0	0	0	0	0	0	0	0	0	0	0	30462	63378	67321	84042	189516	86316	147781	122047	68891	0	0
FFQ	38	0	0	1	0	34	555	299	0	1366	0	432	463	307	0	842	1517	0	598	0	767	0	0	0	0	0	0	0	0	0	0	0	0	30600	63863	68116	86490	190180	84354	147605	120617	68039	0	0
FFQ	39	0	0	2	0	39	564	310	0	1419	0	459	513	305	0	825	1481	0	605	0	759	0	0	0	0	0	0	0	0	0	0	0	0	30717	62292	67371	84915	191815	85328	147043	121512	68771	0	0
FFQ	40	0	0	0	0	46	650	298	0	1472	0	413	503	293	0	803	1528	0	620	102	779	0	0	0	0	0	0	0	0	0	0	0	0	30415	62945	68728	84729	189540	84269	147694	123081	68137	0	0
FFQ	41	0	0	2	0	40	615	328	0	1571	0	440	527	315	0	855	1569	0	604	108	837	0	0	0	0	0	0	0	0	0	0	0	0	30758	63048	69176	86965	191567	84474	145530	120676	67040	0	0
FFQ	42	0	0	0	0	41	619	345	0	1536	0	472	510	314	0	870	1532	0	628	100	849	0	0	0	0	0	0	0	0	0	0	0	0	30972	62080	67327	86362	189952	85830	145144	123181	68381	0	0
FFQ	43	0	0	3	0	95	535	382	0	1591	0	470	518	376	0	809	1639	0	628	0	869	0	0	0	0	0	0	0	0	0	0	0	0	30592	62098	68153	85002	190615	83836	148377	122062	68395	0	0
FFQ	44	0	0	1	53	514	464	0	0	1633	0	479	520	343	0	955	1637	0	642	0	808	0	0	0	0	0	0	0	0	0	0	0	0	30557	63249	68893	86223	189308	84444	147111	121528	67683	0	0
FFQ	45	0	0	2	51	562	498	0	1648	0	507	511	318	0	0	855	1623	0	673	0	829	0	0	0	0	0	0	0	0	0	0	0	0	31269	62903	67448	84977	189536	85416	147463	122009	67947	0	0
FFQ	46	0	0	0	0	877	688	0	0	0	1284	0	376	861	750	310	1520	0	627	118	891	0	0	0	0	0	0	0	0	0	0	0	0	31279	62784	68121	84113	189952	85071	147923	121655	67845	0	0
FFQ	47	0	0	1	0	158	549	437	0	1573	0	515	854	499	0	367	1752	0	619	124	826	0	0	0	0	0	0	0	0	0	0	0	0	30917	62605	68611	86133	189825	84208	147267	121558	67647	0	0
FFQ	48	0	0	453	39	654	938	0	0	1305	0	393	1201	732	0	0	315	1589	210	1069	596	869	0	0	0	0	0	0	0	0	0	0	0	30765	62062	68525	85469	189093	84246	146386	122401	67735	0	0
FFQ	49	0	0	0	40	597	569	0	0	1730	0	560	577	319	0	910	1672	0	684	126	816	0	0	0	0	0	0	0	0	0	0	0	0	0	31476	62496	68429	84474	189722	84186	147219	121995	68448	0
FFQ	50	0	0	0	59	663	579	0	0	1601	0	516	931	662	0	275	1685	0	676	123	913	0	0	0	0	0	0	0	0	0	0	0	0	31074	63556	68578	85843	188251	83720	147759	121285	68296	0	0
FFQ	51	0	0	0	64	718	570	0	0	1647	0	525	932	650	0	290	1829	0	766	115	879	0	0	0	0	0	0	0	0	0	0	0	0	29997	63059	67411	86158	188284	84589	147035	122909	68618	0	0
FFQ	52	0	0	14	0	894	892	0	0	1389	0	440	926	796	0	302	1631	0	702	0	945	0	0	0	0	0	0	0	0	0	0	0	0	31349	61782	67954	85383	188637	84656	147916	121792	68645	0	0
FFQ	53	0	0	4	0	893	789	0	0	1584	0	448	735	671	0	587	1656	0	732	111	952	0	0	0	0	0	0	0	0	0	0	0	0	30870	62558	67966	85948	191009	83546	147451	121501	67034	0	0
FFQ	54	0	0	4	0	868	820	0	0	0	1459	0	419	947	851	332	1661	0	715	0	952	0	0	0	0	0	0	0	0	0	0	0	0	0	31096	62270	67653	86081	190189	83692	146615	122624	67797	0
FFQ	55	0	0	1	0	1050	884	0	0	1527	0	442	966	804	0	290	1654	0	692	0	968	0	0	0	0	0	0	0	0	0	0	0	0	31456	61576	68662	85139	189291	84032	147408	122445	67758	0	0
FFQ	56	0	0	0	0	1013	882	0	0	1435	0	461	990	873	0	300	1721	0	719	0	916	0	0	0	0	0	0	0	0	0	0	0	0	31950	63244	68751	86608	187430	84324	145974	121511	67943	0	0
FFQ	57	0	0	0	0	949	883	0	0	1459	0	470	1010	824	0	350	1746	0	769	118	964	0	0	0	0	0	0	0	0	0	0	0	0	0	30931	61842	67415	86133	188607	84270	147569	122331	68405	0
FFQ	58	0	0	3	0	989	908	0	0	1452	0	422	946	834	0	319	1764	0	683	148	961	0	0	0	0	0	0	0	0	0	0	0	0	0	31119	62752	67485	85646	189318	83427	147658	121302	68909	0
FFQ	59	0	0	2	0	978	839	0	0	1500	0	464	1005	851	0	329	1727	0	745	0	973	0	0	0	0	0	0	0	0	0	0	0	0	31580	62330	68690	85322	189094	83732	147247	121646	67991	0	0
FFQ	60	0	0	0	0	1031	873	0	0	1554	0	440	1017	857	0	295	1719	0	731	126	1029	0	0	0	0	0	0	0	0	0	0	0	0	0	31098	62333	68215	86332	188882	83477	146542	122679	67815	0
FFQ	61	0	0	0	0	1029	913	0	0	1525	0	478	1036	898	0	320	1767	0	750	0	925	0	0	0	0	0	0	0	0	0	0	0	0	0	31818	62972	67868	85691	188809	83906	146026	121842	68472	0
FFQ	62	0	0	1	0	1053	898	0	0	1585	0	459	988	825	0	345	1736	0	748	0	960	0	0	0	0	0	0	0	0	0	0	0	0	31652	62050	68649	87158	187555	83818	147232	121329	68004	0	0
FFQ	63	0	0	1	0	1084	920	0	0	1582	0	509	1091	900	0	367	1791	0	735	113	1015	0	0	0	0	0	0	0	0	0	0	0	0	31561	62316	68149	86533	188021	84440	146606	121524	67787	0	0
FFQ	64	0	0	1	0	1084	928	0	0	1657	0	446	1092	925	0	337	1835	0	747	0	1006	0	0	0	0	0	0	0	0	0	0	0	0	31496	61984	67740	85630	187134	84365	147030	122344	69264	0	0
FFQ	65	0	0	0	861	1076	67	0	0	0	1605	0	453	1053	886	354	1837	0	772	0	1037	0	0	0	0	0	0	0	0	0	0	0	0	31727	62825	67842	86879	188751	83263	147258	120562	67937	0	0
FFQ	66	0	0	0	0	1092	974	0	0	1643	0	447	1055	889	0	362	1803	0	730	0	1003	0	0	0	0	0	0	0	0	0	0	0	0	31608	62400	67531	86065	187102	84748	145919	123941	67733	0	0
FFQ	67	0	0	1	0	1088	1048	0	0	1591	0	489	1013	907	0	372	1749	0	761	134	1088	0	0	0	0	0	0	0	0	0	0	0	0	31923	61389	69067	85814	187909	82905	147001	122588	68208	0	0
FFQ	68	0	0	1	0	1030	1082	0	0	1596	0	485	1055	921	0	370	1862	0	792	0	1000	0	0	0	0	0	0	0	0	0	0	0	0	0	31761	64046	68930	86179	187795	82757	146143	121151	68089	0
FFQ	69	0	0	0	886	1108	64	0	0	1647	0	513	1057	890	0	352	1828	0	774	0	1013	0	0	0	0	0	0	0	0	0	0	0	0	31054	63193	67586	85673	186429	84046	147181	122820	68931	0	0
FFQ	70	0	0	0	0	1131	1027	0	0	1712	0	465	1150	920	0	383	1887	0	804	0	1089	0	0	0	0	0	0	0	0	0	0	0	0	31192	62659	67676	86100	187998	83552	148414	120896	67990	0	0
FFQ	71	0	0	10	0	1114	1106	0	0	1688	0	491	1102	952	0	363	1887	0	807	125	1056	0	0	0	0	0	0	0	0	0	0	0	0	0	31860	63134	68328	87164	186935	82929	145239	122398	68357	0
FFQ	72	0	0	0	0	1197	1096	0	0	1716	0	563	1058	953	0	367	1871	0	778	0	1015	0	0	0	0	0	0	0	0	0	0	0	0	31801	62906	67518	85338	188123	84119	146115	122741	67770	0	0
FFQ	73	0	0	0	0	1152	1130	0	0	1711	0	505	1099	946	0	368	1919	0	858	127	1030	0	0	0	0	0	0	0	0	0	0	0	0	31581	63585	68287	85749	187490	84254	145717	121583	67954	0	0
FFQ	74	0	0	0	0	1229	1156	0	0	1723	0	510	1190	930	381	1841	0	833	0	1082	0	0	0	0	0	0	0	0	0	0	0	0	0	0	32197	63116	68767	85809	186529	83484	145703	121885	68680	0
FFQ	75	0	0	485	82	884	1375	0	0	1831	0	528	1517	933	0	387	1544	0	1377	655	983	0	0	0	0	0	0	0	0	0	0	0	0	30850	63412	66801	86942	186182	83038	146643	121983	68613	0	0
FFQ	76	0	0	0	0	1120	1210	0	0	1783	0	536	1247	950	0	399	1895	0	907	0	1126	0	0	0	0	0	0	0	0	0	0	0	0	0	31865	62522	68008	86304	186964	82408	146547	122821	68433	0
FFQ	77	0	0	0	0	1239	1119	0	0	1796	0	525	1154	978	0	378	1951	0	844	0	1100	0	0	0	0	0	0	0	0	0	0	0	0	0	31350	62783	68472	87501	187758	82739	147146	120337	67875	0
FFQ	78	0	0	0	0	1309	1114	0	0	1823	0	526	1156	940	0	376	1895	0	907	0	1152	0	0	0	0	0	0	0	0	0	0	0	0	0	31252	63027	68333	86913	186271	83315	145222	123027	68487	0
FFQ	79	0	0	0	0	1236	1093	0	0	1810	0	546	1255	992	0	392	1928	0	847	0	1039	0	0	0	0	0	0	0	0	0	0	0	0	0	31321	62859	67740	86190	186589	82693	146858	123011	68646	0
FFQ	80	0	0	0	0	1227	1148	0	0	1772	0	560	1261	1011	0	427	1941	0	875	0	1091	0	0	0	0	0	0	0	0	0	0	0	0	31409	63811	68246	86278	187607	82870	147479	120937	67095	0	0
FFQ	81	0	0	0	0	1286	1235	0	0	1873	0	529	1325	932	415	2045	0	894	156	1211	0	0	0	0	0	0	0	0	0	0	0	0	0	31207	62728	67837	87126	187392	83979	144713	122921	67241	0	0
FFQ	82	0	0	0	0	1340	1275	0	0	1838	0	568	1234	1011	0	423	2028	0	876	0	1258	0	0	0	0	0	0	0	0	0	0	0	0	31016	63269	67668	86502	186127	83319	145152	123129	69012	0	0
FFQ	83	0	0	9	0	1242	1206	0	0	1940	0	569	1234	970	0	389	2121	0	883	128	1136	0	0	0	0	0	0	0	0	0	0	0	0	31387	62981	67652	87198	187564	83698	146515	121365	66858	0	0
FFQ	84	0	0	0	0	1220	1282	0	0	1927	0	553	1234	1061	0	402	2049	0	823	0	1171	0	0	0	0	0	0	0	0	0	0	0	0	31620	63795	67842	87786	186830	82570	144465	122016	68399	0	0
FFQ	85	0	0	1	0	1315	1190	0	0	1954	0	518	1231	1019	0	402	2061	0	889	0	1147	0	0	0	0	0	0	0	0	0	0	0	0	30970	64145	68519	86285	184916	83097	146659	122201	68526	0	0
FFQ	86	0	0	0	0	1306	1252	0	0	1920	0	560	1244	987	0	400	2106	0	895	0	1138	0	0	0	0	0	0	0	0	0	0	0	0	31595	64588	68132	87764	184709	82739	146144	121872	67694	0	0
FFQ	87	0	0	0	0	1279	1315	0	0	1960	0	572	1261	1074	0	416	2074	0	894	0	1160	0	0	0	0	0	0	0	0	0	0	0	0	31142	64508	67972	87740	185734	82894	145495	121261	68294	0	0
FFQ	88	0	0	0	0	1346	1174	0	0	1980	0	513	1338	1032	462	2116	0	892	0	1217	0	0	0	0	0	0	0	0	0	0	0	0	0	31381	63852	66829	86529	186031	82846	146364	123235	67908	0	0
FFQ	89	0	0	0	0	1301	1255	0	0	1869	0	577	1391	1115	0	438	2135	0	877	0	1200	0	0	0	0	0	0	0	0	0	0	0	0	30945	64456	68253	88221	185889	82456	145119	121739	67809	0	0
FFQ	90	0	0	0	0	1325	1301	0	0	2042	0	584	1327	1071	0	418	2139	0	888	0	1146	0	0	0	0	0	0	0	0	0	0	0	0	30736	63580	66937	86871	186467	83130	144510	124194	68379	0	0
FFQ	91	0	0	2	0	1356	1269	0	0	2035	0	601	1348	1032	0	441	2069	0	921	0	1205	0	0	0	0	0	0	0	0	0	0	0	0	0	31924	63196	67345	86336	186810	82149	146319	123537	67150	0
FFQ	92	0	0	0	0	1150	1293	0	0	2274	0	599	823	680	0	1393	2195	0	940	146	1306	0	0	0	0	0	0	0	0	0	0	0	0	30535	64864	68819	87038	187167	81387	144628	121768	68040	0	0
FFQ	93	0	0	0	84	1075	968	0	0	2452	0	745	1146	761	0	873	2315	0	905	0	1129	0	0	0	0	0	0	0	0	0	0	0	0	0	31662	63971	67030	87105	186028	84006	144603	123257	66930	0
FFQ	94	0	0	0	0	1348	1321	0	0	2150	0	575	1076	944	0	872	2145	0	952	134	1224	0	0	0	0	0	0	0	0	0	0	0	31297	65449	66159	87847	186456	82926	144844	121969	67357	0	0	0
FFQ	95	0	0	0	0	1313	1399	0	0	2021	0	597	1157	956	0	817	2248	0	1480	626	1225	0	0	0	0	0	0	0	0	0	0	0	0	31057	64878	67218	88167	184678	83788	144634	121124	67662	0	0
FFQ	96	0	0	14	0	1475	1350	0	0	2124	0	578	1449	1118	0	467	2173	0	927	0	1194	0	0	0	0	0	0	0	0	0	0	0	0	31431	64988	66562	87915	184475	84065	144656	122911	67173	0	0
FFQ	97	0	0	0	0	105	1129	668	0	2862	0	789	837	512	0	1418	2414	0	988	0	1273	0	0	0	0	0	0	0	0	0	0	0	0	31349	65406	67622	86853	185372	82298	144773	121746	68631	0	0
FFQ	98	0	0	0	0	97	1101	707	2919	0	832	861	565	0	0	1413	2454	0	972	0	1242	0	0	0	0	0	0	0	0	0	0	0	0	30965	65588	67963	88218	184453	82594	144863	122607	66631	0	0
FFQ	99	0	0	0	92	848	929	0	0	2879	0	808	899	548	0	1427	2491	0	989	142	1293	0	0	0	0	0	0	0	0	0	0	0	30309	64156	67753	87387	184490	82879	144433	123724	68569	0	0	0
FFQ	100	0	0	0	0	107	1113	675	0	2887	0	781	864	536	0	1510	2503	0	965	0	1249	0	0	0	0	0	0	0	0	0	0	0	0	30281	64869	68031	88264	184226	82798	145457	123661	66268	0	0
FFQ	101	0	0	1	0	1862	1765	0	0	2440	0	634	1594	1298	0	533	2377	0	980	163	1481	0	0	0	0	0	0	0	0	0	0	0	30630	63221	68037	87948	186101	83402	143717	122261	66600	0	0	0
# Last Fragment Qualities. Use `grep ^LFQ | cut -f 2-` to extract this part.
# Columns correspond to qualities and rows to cycles. First column is the cycle number.
LFQ	1	0	0	2	0	0	0	0	0	0	0	0	0	0	0	0	5584	0	0	0	0	0	0	0	0	0	0	0	0	0	0	0	0	0	0	861459	0	0	0	0	0	0	0	0
LFQ	2	0	0	29	0	0	76	0	0	1463	0	353	0	0	0	0	1090	1883	223	216	0	418	0	0	0	0	0	0	0	0	0	0	14178	124897	48927	100172	195598	57565	240286	63289	16382	0	0	0
LFQ	3	0	0	0	0	0	162	0	0	1383	0	313	0	0	0	0	701	1766	220	318	0	519	0	0	0	0	0	0	0	0	0	0	19528	73623	48294	62770	235455	86151	118394	135527	81921	0	0	0
LFQ	4	0	0	0	0	150	0	0	0	1299	0	415	0	0	0	557	1828	314	190	0	641	0	0	0	0	0	0	0	0	0	0	0	0	24128	82774	45383	61208	253175	99864	121908	118491	54720	0	0
LFQ	5	0	0	0	0	0	248	0	0	1473	0	320	0	0	0	732	1181	276	192	0	889	0	0	0	0	0	0	0	0	0	0	0	0	29710	102021	141826	75764	237014	84927	52863	66356	71253	0	0
LFQ	6	0	0	1	0	0	164	0	0	929	0	365	0	0	0	511	1130	243	667	0	174	0	0	0	0	0	0	0	0	0	0	0	0	28477	78917	68904	77253	122169	72027	95867	174993	144254	0	0
LFQ	7	0	0	0	0	0	84	0	0	1145	0	398	0	0	0	942	1153	286	565	0	195	0	0	0	0	0	0	0	0	0	0	0	0	24471	76837	55933	126447	108172	76215	236973	108288	48941	0	0
LFQ	8	0	0	0	0	0	132	0	0	1421	0	358	73	0	0	0	850	1037	156	501	0	319	0	0	0	0	0	0	0	0	0	0	0	21020	64743	77071	113326	154440	74948	189611	118813	48226	0	0
LFQ	9	0	0	0	0	15	177	86	0	759	0	406	363	249	0	0	520	950	0	385	0	275	0	0	0	0	0	0	0	0	0	0	0	15560	46950	24929	66425	194268	125758	200105	141502	47363	0	0
LFQ	10	0	0	0	0	40	631	175	0	1435	0	200	310	394	0	543	884	0	214	0	1007	0	0	0	0	0	0	0	0	0	0	0	0	27596	87875	111850	78264	294690	53250	103104	63946	40637	0	0
LFQ	11	0	0	0	0	33	323	206	0	743	0	270	275	119	0	589	1162	0	621	74	415	0	0	0	0	0	0	0	0	0	0	0	0	39990	44431	61926	55161	154688	87676	101258	176446	140639	0	0
LFQ	12	0	0	0	0	50	429	210	0	1021	0	231	441	442	0	0	815	1407	0	320	0	514	0	0	0	0	0	0	0	0	0	0	17857	98216	56621	106417	154404	75055	208264	88513	55818	0	0	0
LFQ	13	0	0	55	0	34	366	182	0	842	0	318	348	221	0	658	1215	0	427	92	473	0	0	0	0	0	0	0	0	0	0	0	39570	60421	57670	62741	176766	82647	149732	133265	99002	0	0	0
LFQ	14	0	0	495	30	36	553	217	0	968	54	277	855	610	0	498	1304	526	1124	733	573	0	0	0	0	0	0	0	0	0	0	25774	72706	47756	72782	208712	73177	187259	111964	58062	0	0	0	0
LFQ	15	0	0	0	0	54	498	311	0	1204	0	296	284	242	0	547	1206	0	699	553	642	0	0	0	0	0	0	0	0	0	0	0	0	43716	52471	97368	67274	218199	65126	132349	104192	79814	0	0
LFQ	16	0	0	0	0	28	449	213	0	1213	0	361	415	256	0	0	711	1083	0	454	75	571	0	0	0	0	0	0	0	0	0	0	0	0	29687	57456	72001	86681	200721	83653	148103	120694	62220	0
LFQ	17	0	0	0	34	388	318	0	0	1294	0	360	471	230	0	682	1116	0	436	0	549	0	0	0	0	0	0	0	0	0	0	0	0	29644	62972	69434	88061	197697	84987	145873	117261	65238	0	0
LFQ	18	0	0	0	0	0	144	401	192	1289	0	391	465	254	0	726	1188	0	487	89	520	0	0	0	0	0	0	0	0	0	0	0	0	30150	62698	68226	85487	190512	87866	143995	122549	69416	0	0
LFQ	19	0	0	18	0	0	684	334	0	1041	0	269	386	351	0	712	1056	0	482	81	542	0	0	0	0	0	0	0	0	0	0	0	0	30793	63777	67058	86171	187405	86615	149346	120568	69356	0	0
LFQ	20	0	0	2	0	46	527	228	0	1330	0	373	429	274	0	783	1191	0	476	0	581	0	0	0	0	0	0	0	0	0	0	0	0	29375	63505	66576	85834	188886	85856	151904	121121	67748	0	0
LFQ	21	0	0	0	0	103	451	283	0	1259	0	324	557	401	0	472	1204	0	428	81	617	0	0	0	0	0	0	0	0	0	0	0	0	28713	62546	66357	85842	193098	85652	150627	121149	66881	0	0
LFQ	22	0	0	13	0	80	656	449	0	0	1104	0	283	677	501	342	1127	0	469	0	574	0	0	0	0	0	0	0	0	0	0	0	0	0	29914	61568	67757	82522	195332	85906	149115	120630	68026	0
LFQ	23	0	0	0	0	751	517	0	0	1111	0	303	538	561	0	468	1101	0	441	81	665	0	0	0	0	0	0	0	0	0	0	0	0	29307	62484	69178	83792	194464	85806	149276	120040	66161	0	0
LFQ	24	0	0	4	660	620	47	0	0	1093	0	318	743	648	0	233	1125	0	517	73	640	0	0	0	0	0	0	0	0	0	0	0	0	29570	62788	68186	83797	194401	86052	146543	120743	68244	0	0
LFQ	25	0	0	1	0	98	723	475	0	1218	0	324	710	572	0	356	1076	0	517	95	635	0	0	0	0	0	0	0	0	0	0	0	0	29317	62237	67743	83220	193347	86086	148280	120842	69173	0	0
LFQ	26	0	0	2	0	724	584	0	0	0	1102	0	336	775	695	257	1135	0	502	0	674	0	0	0	0	0	0	0	0	0	0	0	0	29864	62866	66064	85250	194102	86029	147592	121413	67079	0	0
LFQ	27	0	0	4	0	773	620	0	0	1113	0	382	733	728	0	292	1186	0	512	80	674	0	0	0	0	0	0	0	0	0	0	0	0	29785	63152	65930	84224	191438	87061	147350	121372	69636	0	0
LFQ	28	0	0	2	0	764	593	0	0	0	1103	0	364	765	694	288	1200	0	509	85	666	0	0	0	0	0	0	0	0	0	0	0	0	30525	62695	67289	83526	191899	85338	148009	121586	69145	0	0
LFQ	29	0	0	2	0	834	628	0	0	1218	0	355	726	760	0	306	1218	0	541	0	676	0	0	0	0	0	0	0	0	0	0	0	0	30652	63809	67872	85387	192288	85626	146567	119679	67901	0	0
LFQ	30	0	0	3	0	853	638	0	0	1221	0	370	757	695	0	290	1227	0	538	101	682	0	0	0	0	0	0	0	0	0	0	0	0	29923	61972	68206	84535	190455	85433	146868	123442	68836	0	0
LFQ	31	0	0	4	0	825	692	0	0	1144	0	377	796	695	0	267	1229	0	587	97	701	0	0	0	0	0	0	0	0	0	0	0	0	30974	62852	68022	84694	191458	84098	148129	121232	68172	0	0
LFQ	32	0	0	11	0	821	678	0	0	1230	0	356	788	760	0	287	1253	0	551	93	737	0	0	0	0	0	0	0	0	0	0	0	0	29673	63181	67836	85703	189542	85433	149149	120910	68053	0	0
LFQ	33	0	0	9	0	875	676	0	0	1347	0	369	866	674	0	257	1280	0	585	84	715	0	0	0	0	0	0	0	0	0	0	0	0	30015	62345	67715	84669	191377	84599	148393	122368	67827	0	0
LFQ	34	0	0	6	0	816	756	0	0	1272	0	393	852	722	0	0	258	1258	0	555	95	805	0	0	0	0	0	0	0	0	0	0	0	30722	62219	68043	84601	192564	84792	147323	121297	67696	0	0
LFQ	35	0	0	7	0	876	660	0	0	1345	0	385	809	758	0	286	1257	0	561	84	773	0	0	0	0	0	0	0	0	0	0	0	0	30244	62839	68143	85375	190882	86077	147657	120681	67346	0	0
LFQ	36	0	0	25	0	987	710	0	0	1287	0	389	784	739	0	273	1371	0	535	97	776	0	0	0	0	0	0	0	0	0	0	0	0	30619	62677	68646	85404	189034	85694	146412	122293	68293	0	0
LFQ	37	0	0	3	0	828	762	0	0	1305	0	383	841	740	0	294	1377	0	638	88	702	0	0	0	0	0	0	0	0	0	0	0	0	30928	63068	67199	84487	189497	85445	147754	122272	68434	0	0
LFQ	38	0	0	70	0	906	669	0	0	1278	0	374	898	821	0	328	1349	0	603	130	768	0	0	0	0	0	0	0	0	0	0	0	0	30186	63651	67104	86203	189980	84416	148054	120790	68467	0	0
LFQ	39	0	0	4	0	918	798	0	0	1414	0	402	868	754	0	284	1402	0	593	110	770	0	0	0	0	0	0	0	0	0	0	0	0	30694	62051	67125	84936	190830	85198	147772	120454	69668	0	0
LFQ	40	0	0	4	0	931	748	0	0	1415	0	431	855	785	0	265	1372	0	635	104	855	0	0	0	0	0	0	0	0	0	0	0	0	30325	62845	67712	85337	188720	84464	148817	121914	68511	0	0
LFQ	41	0	0	62	0	927	753	0	0	1497	0	414	904	760	0	305	1408	0	613	94	794	0	0	0	0	0	0	0	0	0	0	0	0	30632	63302	67955	86912	191329	84958	145814	119816	67796	0	0
LFQ	42	0	0	4	0	994	787	0	0	1432	0	390	901	774	0	293	1422	0	641	102	770	0	0	0	0	0	0	0	0	0	0	0	0	30860	62840	66915	86139	189207	85854	145210	123049	68461	0	0
LFQ	43	0	0	34	0	945	742	0	0	1425	0	445	856	770	0	304	1483	0	628	95	868	0	0	0	0	0	0	0	0	0	0	0	0	0	30543	61992	67651	85191	189663	84398	148061	122103	68848	0
LFQ	44	0	0	5	853	966	81	0	0	1488	0	425	878	796	0	327	1423	0	619	115	841	0	0	0	0	0	0	0	0	0	0	0	0	30687	63248	68550	85601	188344	84876	148014	121468	67440	0	0
LFQ	45	0	0	67	0	973	847	0	0	1480	0	476	963	878	0	327	1471	0	633	119	840	0	0	0	0	0	0	0	0	0	0	0	0	31303	62614	66884	85164	188340	85294	147615	122066	68691	0	0
LFQ	46	0	0	6	0	1042	799	0	0	1493	0	435	912	873	0	329	1513	0	578	92	842	0	0	0	0	0	0	0	0	0	0	0	31213	62788	67930	85331	189182	84010	148349	121713	67615	0	0	0
LFQ	47	0	0	55	0	1056	898	0	0	1580	0	440	912	772	0	324	1495	0	671	106	838	0	0	0	0	0	0	0	0	0	0	0	0	30586	62938	67579	85716	189543	84559	147638	121004	68335	0	0
LFQ	48	0	0	49	0	1127	874	0	0	1525	0	448	938	857	0	328	1467	0	634	108	835	0	0	0	0	0	0	0	0	0	0	0	0	31119	62134	67528	85678	189405	85080	146536	122128	68247	0	0
LFQ	49	0	0	22	877	1028	63	0	0	1485	0	454	983	844	0	349	1513	0	694	121	891	0	0	0	0	0	0	0	0	0	0	0	0	0	31390	62411	68186	84375	189862	84824	146892	121429	68352	0
LFQ	50	0	0	33	0	1058	930	0	0	1604	0	493	999	884	0	346	1569	0	670	97	900	0	0	0	0	0	0	0	0	0	0	0	0	31220	63519	68081	86094	187086	84716	147522	120878	68346	0	0
LFQ	51	0	0	49	0	1039	947	0	0	1507	0	459	957	886	0	375	1544	0	620	125	860	0	0	0	0	0	0	0	0	0	0	0	0	30515	62549	67086	86343	187958	84186	147120	122735	69185	0	0
LFQ	52	0	0	51	880	1024	75	0	0	1585	0	433	1006	888	0	340	1563	0	699	121	910	0	0	0	0	0	0	0	0	0	0	0	0	31589	61044	67578	85999	187639	84674	148634	121855	68458	0	0
LFQ	53	0	0	42	0	1088	897	0	0	1650	0	458	1021	907	0	340	1574	0	663	100	906	0	0	0	0	0	0	0	0	0	0	0	0	31411	62839	67877	86697	189574	83509	147361	120848	67283	0	0
LFQ	54	0	0	53	0	1142	977	0	0	1593	0	458	994	910	0	366	1632	0	696	123	912	0	0	0	0	0	0	0	0	0	0	0	0	31228	61816	67286	85617	188814	83951	147025	122516	68936	0	0
LFQ	55	0	0	46	939	1060	77	0	0	1690	0	460	1037	992	0	319	1698	0	741	120	896	0	0	0	0	0	0	0	0	0	0	0	0	31471	61997	67921	85162	188742	83358	148113	122175	68031	0	0
LFQ	56	0	0	44	0	1181	973	0	0	1643	0	468	1035	933	0	356	1667	0	648	98	975	0	0	0	0	0	0	0	0	0	0	0	0	31588	63627	68543	87277	186797	83854	146375	120760	68203	0	0
LFQ	57	0	0	51	0	1136	1005	0	0	1758	0	484	1111	860	360	1735	0	690	110	909	0	0	0	0	0	0	0	0	0	0	0	0	0	31167	61607	66771	86734	185885	84939	148250	122616	68867	0	0
LFQ	58	0	0	106	0	1161	1008	0	0	1783	0	427	1026	878	0	374	1651	0	694	97	966	0	0	0	0	0	0	0	0	0	0	0	0	0	31556	62802	67787	85164	187723	83266	148586	120841	69149	0
LFQ	59	0	0	66	0	1126	959	0	0	1769	0	524	1090	933	0	370	1748	0	735	133	981	0	0	0	0	0	0	0	0	0	0	0	0	30727	62869	68053	85896	188050	83782	148110	121329	67795	0	0
LFQ	60	0	0	76	991	1136	77	0	0	1874	0	536	1053	903	0	352	1750	0	688	117	1020	0	0	0	0	0	0	0	0	0	0	0	0	31084	62544	67801	85890	187589	83943	146311	122954	68356	0	0
LFQ	61	0	0	73	0	1178	1034	0	0	1850	0	495	1098	924	0	382	1708	0	765	140	981	0	0	0	0	0	0	0	0	0	0	0	0	0	31453	62755	67948	85496	187170	83695	146788	122272	68840	0
LFQ	62	0	0	81	0	1236	1078	0	0	1831	0	496	1131	986	0	379	1720	0	791	117	962	0	0	0	0	0	0	0	0	0	0	0	0	31426	62136	68166	87383	187309	83745	147253	120670	68149	0	0
LFQ	63	0	0	76	0	1154	1030	0	0	1786	0	560	1164	950	0	390	1734	0	752	129	929	0	0	0	0	0	0	0	0	0	0	0	0	31821	62425	67924	86984	186717	83945	146124	122855	67596	0	0
LFQ	64	0	0	78	0	1222	1057	0	0	1887	0	500	1147	1000	0	376	1706	0	720	96	962	0	0	0	0	0	0	0	0	0	0	0	0	0	31470	61802	67506	86751	186782	84138	146782	121687	69376	0
LFQ	65	0	0	46	1053	1244	91	0	0	1802	0	541	1146	974	426	1810	0	777	118	1009	0	0	0	0	0	0	0	0	0	0	0	0	0	31640	62333	67583	86488	187781	83524	147796	120510	68353	0	0
LFQ	66	0	0	40	1020	1300	77	0	0	1833	0	519	1162	970	0	415	1795	0	746	122	940	0	0	0	0	0	0	0	0	0	0	0	0	31968	62407	66765	85969	186510	83858	146666	123476	68487	0	0
LFQ	67	0	0	95	0	203	1196	1039	1897	0	562	1140	1048	0	409	1826	0	724	105	1052	0	0	0	0	0	0	0	0	0	0	0	0	0	31812	61647	68656	86297	186706	82414	147661	122124	68432	0	0
LFQ	68	0	0	126	0	1301	1149	0	0	1905	0	551	1185	1000	431	1841	0	815	123	1024	0	0	0	0	0	0	0	0	0	0	0	0	0	31476	63680	68051	86136	186700	82729	147237	120858	68727	0	0
LFQ	69	0	0	69	0	1309	1195	0	0	1873	0	568	1181	1012	446	1832	0	804	125	995	0	0	0	0	0	0	0	0	0	0	0	0	0	31038	63436	66759	86458	183944	84070	148222	122927	68782	0	0
LFQ	70	0	0	42	0	1332	1176	0	0	1957	0	565	1266	1076	459	1879	0	759	0	1079	0	0	0	0	0	0	0	0	0	0	0	0	0	0	31346	62726	66965	86556	187732	83010	148087	120755	68278	0
LFQ	71	0	0	43	0	1365	1173	0	0	2021	0	571	1241	1155	0	403	1871	0	792	135	1063	0	0	0	0	0	0	0	0	0	0	0	0	31590	62742	68346	87116	186776	83240	145922	121633	67847	0	0
LFQ	72	0	0	39	0	242	1261	1113	0	2031	0	573	1191	1089	421	1886	0	791	133	1083	0	0	0	0	0	0	0	0	0	0	0	0	0	31660	61722	66873	85291	188037	84635	146067	122839	68068	0	0
LFQ	73	0	0	35	0	1387	1109	0	0	1995	0	570	1188	1146	446	1934	0	813	126	945	0	0	0	0	0	0	0	0	0	0	0	0	0	32207	63280	68064	85405	186874	83566	146630	120839	68486	0	0
LFQ	74	0	0	89	0	1389	1288	0	0	2100	0	564	1250	1116	0	447	1930	0	805	136	1137	0	0	0	0	0	0	0	0	0	0	0	0	32067	63161	67510	87351	185227	83367	146344	121670	68097	0	0
LFQ	75	0	0	75	0	1374	1259	0	0	1979	0	616	1303	1118	0	443	1985	0	857	119	1051	0	0	0	0	0	0	0	0	0	0	0	0	30860	63536	66890	86052	185377	83214	147261	122860	68816	0	0
LFQ	76	0	0	78	0	1345	1303	0	0	1942	0	569	1361	1080	448	2026	0	858	118	1052	0	0	0	0	0	0	0	0	0	0	0	0	0	32192	62523	68101	86906	185342	82240	146928	121452	69181	0	0
LFQ	77	0	0	71	0	1445	1269	0	0	2132	0	545	1293	1063	0	400	2000	0	833	133	1114	0	0	0	0	0	0	0	0	0	0	0	0	0	31262	62629	67087	87599	185736	82788	148040	121458	68148	0
LFQ	78	0	0	128	0	1388	1265	0	0	2104	0	580	1308	1130	0	450	1961	0	931	155	1023	0	0	0	0	0	0	0	0	0	0	0	0	31642	63623	68136	86472	184179	83224	146516	122253	68577	0	0
LFQ	79	0	0	100	0	1464	1321	0	0	2107	0	588	1344	1109	447	1844	0	886	126	1078	0	0	0	0	0	0	0	0	0	0	0	0	0	31380	63507	67209	85916	184618	83209	147686	122243	68863	0	0
LFQ	80	0	0	87	0	1377	1274	0	0	2047	0	607	1325	1170	410	2021	0	851	0	1107	0	0	0	0	0	0	0	0	0	0	0	0	0	31589	63420	67813	86318	186273	83182	147639	121010	67525	0	0
LFQ	81	0	0	67	0	1438	1324	0	0	2116	0	611	1362	1144	453	2073	0	828	116	1147	0	0	0	0	0	0	0	0	0	0	0	0	0	31294	63191	67517	87122	186322	83858	144838	122435	67789	0	0
LFQ	82	0	0	105	0	1493	1326	0	0	2208	0	588	1394	1156	491	1982	0	881	0	1170	0	0	0	0	0	0	0	0	0	0	0	0	0	31190	62844	67154	86880	185472	83000	145559	123420	68732	0	0
LFQ	83	0	0	69	0	1486	1421	0	0	2150	0	624	1376	1102	0	481	2110	0	827	141	1128	0	0	0	0	0	0	0	0	0	0	0	0	31306	63582	67071	87078	186206	83842	146872	120392	67781	0	0
LFQ	84	0	0	77	0	1548	1360	0	0	2287	0	594	1448	1152	456	2103	0	901	0	1075	0	0	0	0	0	0	0	0	0	0	0	0	0	31415	63677	67004	88017	185008	82902	144981	121215	69825	0	0
LFQ	85	0	0	103	0	1494	1424	0	0	2282	0	649	1371	1165	472	2099	0	906	147	1091	0	0	0	0	0	0	0	0	0	0	0	0	0	30574	63819	66910	86751	184347	83645	147734	121312	68750	0	0
LFQ	86	0	0	89	0	1560	1420	0	0	2232	0	695	1382	1221	467	2123	0	916	146	1121	0	0	0	0	0	0	0	0	0	0	0	0	0	0	31672	64211	67944	87815	184076	83089	146460	119893	68513	0
LFQ	87	0	0	91	0	1525	1421	0	0	2263	0	645	1418	1191	545	2086	0	931	150	1170	0	0	0	0	0	0	0	0	0	0	0	0	0	31224	64495	67606	87482	184172	83176	144804	121319	69331	0	0
LFQ	88	0	0	74	0	1490	1460	0	0	2143	0	602	1430	1212	503	2101	0	853	0	1133	0	0	0	0	0	0	0	0	0	0	0	0	0	31122	63782	66936	87046	183750	83039	147132	122484	68753	0	0
LFQ	89	0	0	30	0	1543	1435	0	0	2186	0	629	1496	1206	500	2144	0	889	0	1194	0	0	0	0	0	0	0	0	0	0	0	0	0	31138	64589	67746	87698	183936	82763	146173	121715	68035	0	0
LFQ	90	0	0	80	0	1512	1449	0	0	2287	0	688	1440	1166	536	2226	0	939	133	1169	0	0	0	0	0	0	0	0	0	0	0	0	0	30440	63870	66806	86280	184644	83229	145858	123084	69209	0	0
LFQ	91	0	0	62	0	1574	1444	0	0	2304	0	633	1471	1214	522	2166	0	839	128	1217	0	0	0	0	0	0	0	0	0	0	0	0	0	32328	63005	67067	86633	185351	82551	146278	121800	68458	0	0
LFQ	92	0	0	54	0	1419	1353	0	0	2661	0	692	1243	1026	1112	2247	0	975	0	1206	0	0	0	0	0	0	0	0	0	0	0	0	0	30716	64746	68236	87970	185219	82451	145021	120570	68128	0	0
LFQ	93	0	0	47	0	1445	1468	0	0	2677	0	688	1181	932	1144	2189	0	968	0	1286	0	0	0	0	0	0	0	0	0	0	0	0	0	0	31399	63710	66209	86819	185252	84586	144775	122022	68248	0
LFQ	94	0	0	24	0	1403	1414	0	0	2589	0	648	1305	966	1082	2267	0	939	0	1191	0	0	0	0	0	0	0	0	0	0	0	0	0	31404	65227	65811	87892	184904	82576	145690	120760	68953	0	0
LFQ	95	0	0	70	0	1373	1426	0	0	2737	0	681	1194	933	1061	2287	0	986	0	1180	0	0	0	0	0	0	0	0	0	0	0	0	0	31489	65639	67327	88767	182487	83382	145637	120337	68052	0	0
LFQ	96	0	0	48	0	1632	1660	0	0	0	2408	0	692	1571	1774	2233	0	904	154	1136	0	0	0	0	0	0	0	0	0	0	0	0	0	31031	64833	65994	87704	182336	84948	145477	122358	68152	0	0
LFQ	97	0	0	19	0	123	1348	659	0	3370	0	882	946	633	1555	2448	0	945	0	1267	0	0	0	0	0	0	0	0	0	0	0	0	0	31305	65501	66604	87661	183913	82250	145622	120807	69187	0	0
LFQ	98	0	0	21	0	130	1272	701	0	3363	0	861	960	571	1541	2539	0	1009	0	1209	0	0	0	0	0	0	0	0	0	0	0	0	0	31430	65715	67618	88170	182629	82577	145271	121103	68355	0	0
LFQ	99	0	0	50	0	0	1891	1115	0	2744	0	693	951	873	1602	2373	0	975	140	1259	0	0	0	0	0	0	0	0	0	0	0	0	0	30610	64292	66110	88237	182918	83112	145077	122402	69621	0	0
LFQ	100	0	0	46	122	925	976	0	0	3404	0	892	920	636	1699	2497	0	921	0	1229	0	0	0	0	0	0	0	0	0	0	0	0	0	31013	64206	67389	87311	183833	82377	146131	122242	68276	0	0
LFQ	101	0	0	52	0	0	2265	1333	0	3312	0	784	1110	2660	2427	0	1036	167	1483	0	0	0	0	0	0	0	0	0	0	0	0	0	30727	64336	66696	88938	184767	82535	144316	120904	67197	0	0	0
# Mismatches per cycle and quality. Use `grep ^MPC | cut -f 2-` to extract this part.
# Columns correspond to qualities, rows to cycles. First column is the cycle number, second
# is the number of N's and the rest is the number of mismatches
MPC	1	304	0	0	0	0	0	0	0	0	0	0	0	0	0	0	323	200	0	0	0	0	0	0	0	0	0	0	0	0	0	0	0	0	0	0	2049	0	0	0	0	0	0	0
MPC	2	107	0	0	0	0	0	25	3	0	285	0	27	0	0	0	0	89	86	13	11	0	5	0	0	0	0	0	0	0	0	0	0	85	276	207	223	323	151	342	47	10	0	0
MPC	3	5	0	0	0	0	0	43	0	0	240	0	28	0	0	0	30	67	43	32	2	1	6	0	0	0	0	0	0	0	0	0	0	157	257	167	164	327	142	137	146	88	0	0
MPC	4	0	0	0	0	0	47	21	0	0	275	0	32	0	0	0	20	45	35	12	8	14	5	0	0	0	0	0	0	0	0	0	0	116	199	181	130	310	294	155	194	157	51	0
MPC	5	132	0	0	0	0	0	50	5	0	142	76	13	30	0	0	20	47	42	9	10	17	9	0	0	0	0	0	0	0	0	0	0	116	244	353	300	355	305	129	79	77	29	0
MPC	6	1	0	0	0	0	0	21	3	0	77	0	38	0	8	0	15	24	37	13	9	4	0	0	0	0	0	0	0	0	0	0	0	0	190	185	168	150	225	179	115	228	132	0
MPC	7	0	0	0	0	0	0	20	1	0	102	58	9	8	0	0	24	48	32	14	15	1	2	0	0	0	0	0	0	0	0	0	0	97	178	151	223	231	184	219	209	83	16	0
MPC	8	0	0	0	0	0	0	20	1	0	117	39	24	30	0	0	24	31	44	23	6	1	2	0	0	0	0	0	0	0	0	0	0	82	152	167	219	270	231	157	162	81	30	0
MPC	9	0	0	0	0	0	7	54	14	0	139	0	31	12	2	0	0	21	41	6	8	1	3	0	0	0	0	0	0	0	0	0	0	63	130	109	113	272	264	244	182	100	32	0
MPC	10	0	0	0	0	0	10	104	40	7	102	102	13	30	24	3	33	45	10	18	6	15	0	0	0	0	0	0	0	0	0	0	0	94	151	229	234	364	286	136	107	54	27	0
MPC	11	0	0	0	0	0	11	67	17	0	58	54	17	19	6	0	17	30	15	17	8	8	3	0	0	0	0	0	0	0	0	0	0	158	222	174	146	192	178	137	162	184	69	0
MPC	12	0	0	0	0	0	12	74	33	0	117	72	13	23	16	0	0	28	54	6	12	4	7	0	0	0	0	0	0	0	0	0	0	126	289	182	238	277	128	292	83	54	0	0
MPC	13	55	0	0	0	0	14	59	12	0	163	0	26	17	9	0	20	38	12	13	6	9	2	0	0	0	0	0	0	0	0	0	0	101	196	188	213	257	225	143	147	115	29	0
MPC	14	495	0	0	0	11	15	127	30	0	171	10	17	47	24	0	10	41	22	21	29	6	1	0	0	0	0	0	0	0	0	0	95	90	117	213	236	163	328	124	175	76	16	0
MPC	15	1	0	0	0	0	13	76	31	0	92	80	13	27	14	0	19	42	13	9	16	10	1	0	0	0	0	0	0	0	0	0	0	0	217	102	264	106	379	86	133	86	88	0
MPC	16	0	0	0	0	0	9	81	22	0	205	0	28	20	15	0	0	24	47	9	8	1	13	0	0	0	0	0	0	0	0	0	0	0	0	156	150	156	145	302	148	162	143	43
MPC	17	1	0	0	0	13	62	67	11	2	228	0	34	36	16	0	35	51	8	27	11	15	0	0	0	0	0	0	0	0	0	0	0	0	178	196	185	198	363	147	183	129	57	0
MPC	18	0	0	0	0	0	0	47	48	19	118	81	21	34	17	0	41	56	15	32	2	8	0	0	0	0	0	0	0	0	0	0	0	0	174	174	172	196	354	123	178	151	59	0
MPC	19	20	0	0	0	0	0	119	35	0	89	72	19	29	17	0	43	44	9	21	1	14	0	0	0	0	0	0	0	0	0	0	0	0	200	154	205	179	377	124	170	111	114	0
MPC	20	2	0	0	0	0	16	100	29	0	228	0	28	22	9	0	15	37	22	14	18	7	5	0	0	0	0	0	0	0	0	0	0	0	152	144	147	166	354	94	142	123	39	0
MPC	21	0	0	0	0	0	33	77	44	0	121	83	21	31	27	0	14	59	18	16	13	7	5	0	0	0	0	0	0	0	0	0	0	0	169	178	238	154	288	161	161	107	32	0
MPC	22	13	0	0	0	0	27	122	57	0	106	83	11	16	28	28	14	44	18	19	15	7	8	0	0	0	0	0	0	0	0	0	0	0	110	201	169	142	227	206	148	116	93	35
MPC	23	0	0	0	0	0	131	84	16	0	220	0	27	24	32	0	12	37	21	19	11	12	5	0	0	0	0	0	0	0	0	0	0	0	155	240	181	129	400	181	159	154	28	0
MPC	24	4	0	0	0	131	104	13	10	0	219	0	39	33	41	0	10	42	23	22	11	5	3	0	0	0	0	0	0	0	0	0	0	0	163	160	173	166	357	88	159	82	69	0
MPC	25	0	0	0	0	0	30	119	78	0	258	0	41	25	33	0	42	35	12	23	1	18	0	0	0	0	0	0	0	0	0	0	0	0	151	184	207	115	343	152	156	133	67	0
MPC	26	0	0	0	0	0	142	108	67	15	146	80	11	37	55	36	36	69	0	11	0	14	0	0	0	0	0	0	0	0	0	0	0	0	130	152	197	174	395	150	170	134	48	0
MPC	27	4	0	0	0	14	211	175	0	0	249	0	39	47	47	0	36	68	0	24	0	9	0	0	0	0	0	0	0	0	0	0	0	0	136	161	167	156	306	144	144	87	37	0
MPC	28	0	0	0	0	0	177	179	43	0	133	97	16	46	51	33	4	50	29	6	9	18	8	0	0	0	0	0	0	0	0	0	0	0	145	194	179	187	405	115	167	98	35	0
MPC	29	1	0	0	0	0	191	179	23	0	256	0	36	57	57	0	8	58	23	7	8	3	7	0	0	0	0	0	0	0	0	0	0	0	147	163	170	139	287	158	126	118	77	0
MPC	30	0	0	0	0	0	133	144	53	21	249	0	52	55	46	0	27	79	0	17	2	21	0	0	0	0	0	0	0	0	0	0	0	0	166	180	176	105	311	122	190	103	38	0
MPC	31	1	0	0	0	0	151	220	37	159	110	32	58	48	38	0	6	63	30	8	7	17	9	0	0	0	0	0	0	0	0	0	0	93	162	188	139	281	268	172	149	103	30	0
MPC	32	6	0	0	0	0	159	228	17	191	102	20	37	40	41	0	33	64	0	15	0	13	0	0	0	0	0	0	0	0	0	0	0	0	71	171	169	182	229	236	175	91	86	27
MPC	33	19	0	0	0	21	245	163	0	0	285	0	47	57	51	0	46	74	0	16	0	16	0	0	0	0	0	0	0	0	0	0	0	0	103	125	174	172	365	136	154	100	41	0
MPC	34	1	0	0	0	0	191	220	34	0	258	0	52	66	47	0	29	44	21	9	7	12	3	0	0	0	0	0	0	0	0	0	0	0	102	151	139	182	236	194	141	146	65	12
MPC	35	3	0	0	0	0	174	190	35	162	140	33	50	44	49	0	42	74	0	24	1	12	0	0	0	0	0	0	0	0	0	0	0	0	107	170	229	138	307	133	128	134	41	0
MPC	36	21	0	0	0	0	176	199	31	0	271	0	36	55	46	0	42	83	0	18	1	23	0	0	0	0	0	0	0	0	0	0	0	0	150	168	133	165	344	151	112	94	70	0
MPC	37	0	0	0	0	16	233	153	0	0	275	0	50	80	47	0	43	79	0	24	0	22	0	0	0	0	0	0	0	0	0	0	0	0	144	153	220	147	287	128	135	108	44	0
MPC	38	68	0	0	0	0	179	233	30	0	241	0	53	57	63	0	51	79	0	28	0	18	0	0	0	0	0	0	0	0	0	0	0	0	154	138	131	145	253	122	159	91	72	0
MPC	39	2	0	0	0	0	199	223	39	0	301	0	50	71	53	0	33	81	0	20	0	22	0	0	0	0	0	0	0	0	0	0	0	0	127	117	139	185	306	104	157	93	49	0
MPC	40	0	0	0	0	0	181	236	25	0	309	0	49	64	60	0	46	67	0	19	1	25	0	0	0	0	0	0	0	0	0	0	0	0	159	149	178	132	333	151	152	141	34	0
MPC	41	58	0	0	0	0	168	212	37	0	295	0	58	62	49	0	52	86	0	11	2	23	0	0	0	0	0	0	0	0	0	0	0	0	145	145	170	127	328	146	158	81	56	0
MPC	42	0	0	0	0	0	202	235	40	0	332	0	52	83	51	0	47	71	0	25	0	19	0	0	0	0	0	0	0	0	0	0	0	0	135	136	200	159	341	114	146	126	26	0
MPC	43	31	0	0	0	0	202	203	38	0	319	0	56	72	56	0	45	82	0	18	1	24	0	0	0	0	0	0	0	0	0	0	0	0	111	194	159	128	188	211	132	119	77	24
MPC	44	1	0	0	0	159	226	94	0	0	339	0	69	61	58	0	52	85	0	26	1	23	0	0	0	0	0	0	0	0	0	0	0	0	123	137	183	168	285	93	149	104	54	0
MPC	45	63	0	0	0	16	294	193	0	208	138	39	50	78	54	0	51	100	0	29	1	19	0	0	0	0	0	0	0	0	0	0	0	0	174	143	149	153	298	171	152	127	48	0
MPC	46	0	0	0	0	0	380	205	0	0	138	119	23	75	99	32	32	104	0	27	1	25	0	0	0	0	0	0	0	0	0	0	0	74	148	147	151	252	218	129	148	101	56	0
MPC	47	47	0	0	0	0	217	228	44	0	323	0	49	87	73	0	23	96	0	26	1	26	0	0	0	0	0	0	0	0	0	0	0	0	135	163	136	142	352	110	130	90	50	0
MPC	48	495	0	0	0	14	320	264	0	0	281	0	45	119	84	0	14	52	29	11	21	20	12	0	0	0	0	0	0	0	0	0	0	0	204	124	139	102	313	106	175	84	47	0
MPC	49	7	0	0	0	159	269	104	0	0	321	0	76	54	68	0	55	89	0	17	1	17	0	0	0	0	0	0	0	0	0	0	0	0	0	105	167	160	127	262	87	138	88	64
MPC	50	3	0	0	0	24	307	201	0	0	307	0	66	109	70	0	33	104	0	26	2	20	0	0	0	0	0	0	0	0	0	0	0	0	153	156	137	133	331	117	140	87	110	0
MPC	51	16	0	0	0	18	303	199	0	0	327	0	60	78	84	0	29	101	0	33	0	19	0	0	0	0	0	0	0	0	0	0	0	0	109	109	178	145	271	144	194	110	72	0
MPC	52	29	0	0	0	156	308	141	0	0	282	0	63	107	70	0	25	97	0	31	0	25	0	0	0	0	0	0	0	0	0	0	0	0	181	164	134	131	289	100	164	111	36	0
MPC	53	8	0	0	0	0	344	232	0	0	334	0	64	98	73	0	54	71	0	22	2	18	0	0	0	0	0	0	0	0	0	0	0	0	178	121	153	142	300	132	144	101	45	0
MPC	54	21	0	0	0	0	345	211	0	0	150	117	38	73	101	32	33	82	0	28	1	28	0	0	0	0	0	0	0	0	0	0	0	0	82	162	137	137	188	161	123	136	99	24
MPC	55	7	0	0	0	155	373	142	0	0	279	0	59	97	96	0	40	104	0	32	1	33	0	0	0	0	0	0	0	0	0	0	0	0	195	138	167	124	353	92	127	79	59	0
MPC	56	6	0	0	0	0	401	253	0	0	269	0	60	90	109	0	32	85	0	28	1	26	0	0	0	0	0	0	0	0	0	0	0	0	119	150	134	154	283	172	154	129	51	0
MPC	57	9	0	0	0	0	355	259	0	0	291	0	58	91	87	14	81	55	14	12	19	5	0	0	0	0	0	0	0	0	0	0	0	0	73	150	149	130	185	182	135	127	64	25
MPC	58	60	0	0	0	0	397	261	0	0	294	0	49	105	72	0	38	97	0	28	2	24	0	0	0	0	0	0	0	0	0	0	0	0	0	146	134	130	152	300	113	111	67	35
MPC	59	23	0	0	0	0	371	238	0	0	320	0	65	88	83	0	26	104	0	22	1	25	0	0	0	0	0	0	0	0	0	0	0	0	114	143	168	119	321	120	156	131	26	0
MPC	60	25	0	0	0	144	373	146	0	0	339	0	57	105	99	0	39	85	0	34	0	24	0	0	0	0	0	0	0	0	0	0	0	0	66	153	151	155	230	177	120	110	53	14
MPC	61	23	0	0	0	0	361	236	0	0	282	0	73	115	85	0	38	89	0	27	0	32	0	0	0	0	0	0	0	0	0	0	0	0	0	143	115	136	128	315	135	147	124	41
MPC	62	37	0	0	0	0	375	239	0	0	293	0	58	99	108	0	31	95	0	24	0	19	0	0	0	0	0	0	0	0	0	0	0	0	124	163	132	134	268	95	137	88	58	0
MPC	63	33	0	0	0	0	367	254	0	0	310	0	89	111	102	0	29	114	0	30	5	31	0	0	0	0	0	0	0	0	0	0	0	0	148	146	145	119	231	125	116	122	34	0
MPC	64	32	0	0	0	0	399	243	0	0	337	0	63	105	90	0	34	90	0	35	1	22	0	0	0	0	0	0	0	0	0	0	0	0	69	154	167	133	175	194	163	153	66	18
MPC	65	6	0	0	0	345	355	29	0	0	159	114	42	94	99	71	79	52	13	18	22	12	0	0	0	0	0	0	0	0	0	0	0	0	150	125	160	134	329	96	156	106	52	0
MPC	66	2	0	0	0	144	421	141	0	0	301	0	82	111	79	0	37	105	0	35	3	28	0	0	0	0	0	0	0	0	0	0	0	0	117	125	166	187	329	132	168	85	43	0
MPC	67	50	0	0	0	0	232	297	106	178	119	38	98	122	46	21	79	53	19	20	20	13	0	0	0	0	0	0	0	0	0	0	0	0	163	155	187	113	311	108	162	96	48	0
MPC	68	86	0	0	0	0	391	302	0	0	320	0	73	102	100	26	82	55	20	16	17	9	0	0	0	0	0	0	0	0	0	0	0	0	78	151	144	168	215	198	108	85	66	8
MPC	69	25	0	0	0	147	364	153	0	0	308	0	76	103	114	19	90	63	23	10	21	9	0	0	0	0	0	0	0	0	0	0	0	0	124	107	174	156	263	141	112	133	50	0
MPC	70	4	0	0	0	0	418	289	0	0	327	0	66	109	116	16	83	57	14	10	12	7	0	0	0	0	0	0	0	0	0	0	0	0	103	163	176	160	214	169	119	113	67	15
MPC	71	13	0	0	0	0	373	301	0	0	302	0	76	110	98	0	33	118	0	37	2	29	0	0	0	0	0	0	0	0	0	0	0	0	72	159	120	145	199	183	116	135	82	25
MPC	72	3	0	0	0	0	255	292	112	0	316	0	89	97	96	16	89	56	17	21	19	13	0	0	0	0	0	0	0	0	0	0	0	0	110	129	174	128	288	82	163	107	62	0
MPC	73	0	0	0	0	0	381	270	0	0	341	0	80	119	97	19	91	37	22	15	18	12	0	0	0	0	0	0	0	0	0	0	0	0	170	134	164	146	234	74	132	104	16	0
MPC	74	40	0	0	0	0	365	302	0	0	326	0	79	112	115	19	91	73	19	16	14	19	0	0	0	0	0	0	0	0	0	0	0	0	59	133	128	140	217	183	118	112	83	30
MPC	75	506	0	0	0	25	357	352	0	0	357	0	81	138	118	0	35	109	0	34	12	34	0	0	0	0	0	0	0	0	0	0	0	0	140	154	162	129	304	158	160	80	24	0
MPC	76	30	0	0	0	0	380	293	0	0	330	0	74	132	104	18	94	67	26	17	12	15	0	0	0	0	0	0	0	0	0	0	0	0	71	140	142	168	211	178	125	117	88	22
MPC	77	23	0	0	0	0	411	290	0	0	346	0	85	121	100	0	33	115	0	32	0	28	0	0	0	0	0	0	0	0	0	0	0	0	0	141	165	138	134	204	134	159	100	40
MPC	78	71	0	0	0	0	382	298	0	0	321	0	76	126	98	0	39	101	0	32	1	21	0	0	0	0	0	0	0	0	0	0	0	0	73	117	146	120	225	223	140	148	83	21
MPC	79	42	0	0	0	0	373	287	0	0	315	0	65	126	124	23	76	50	14	19	26	7	0	0	0	0	0	0	0	0	0	0	0	0	50	136	170	183	182	170	122	129	90	20
MPC	80	29	0	0	0	0	377	312	0	0	303	0	80	101	111	14	87	49	20	13	15	8	0	0	0	0	0	0	0	0	0	0	0	0	172	161	159	177	241	119	140	95	57	0
MPC	81	19	0	0	0	0	409	304	0	0	372	0	77	137	111	43	155	0	50	2	28	0	0	0	0	0	0	0	0	0	0	0	0	0	140	140	178	110	276	112	139	76	77	0
MPC	82	48	0	0	0	0	414	341	0	0	333	0	96	139	108	18	81	57	19	8	17	17	0	0	0	0	0	0	0	0	0	0	0	0	151	156	114	110	254	97	121	110	22	0
MPC	83	31	0	0	0	0	423	284	0	0	321	0	71	124	112	0	37	112	0	32	0	36	0	0	0	0	0	0	0	0	0	0	0	0	180	136	141	123	248	109	121	138	41	0
MPC	84	29	0	0	0	0	428	309	0	0	310	0	86	146	89	31	90	57	23	19	12	11	0	0	0	0	0	0	0	0	0	0	0	0	129	147	154	129	291	110	157	114	43	0
MPC	85	45	0	0	0	0	411	306	0	0	323	0	77	104	115	23	92	57	27	12	18	20	0	0	0	0	0	0	0	0	0	0	0	0	148	150	148	138	266	113	160	143	46	0
MPC	86	34	0	0	0	0	376	271	0	0	329	0	100	109	99	25	92	63	22	21	11	12	0	0	0	0	0	0	0	0	0	0	0	0	82	133	125	143	173	181	110	93	65	37
MPC	87	44	0	0	0	0	394	293	0	0	333	0	112	111	110	21	101	62	23	26	23	9	0	0	0	0	0	0	0	0	0	0	0	0	123	164	160	148	232	112	148	107	30	0
MPC	88	31	0	0	0	0	364	281	0	0	324	0	70	132	110	47	140	0	24	0	34	0	0	0	0	0	0	0	0	0	0	0	0	0	120	102	166	139	251	167	136	107	30	0
MPC	89	0	0	0	0	0	390	324	0	0	277	0	82	121	98	21	81	37	22	16	26	18	0	0	0	0	0	0	0	0	0	0	0	0	138	202	161	160	257	111	156	121	28	0
MPC	90	36	0	0	0	0	403	341	0	0	324	0	88	118	98	21	104	45	27	18	24	9	0	0	0	0	0	0	0	0	0	0	0	0	160	153	169	160	281	145	145	72	31	0
MPC	91	22	0	0	0	0	389	321	0	0	330	0	101	113	114	27	94	60	18	24	18	10	0	0	0	0	0	0	0	0	0	0	0	0	71	111	124	147	205	191	126	104	62	18
MPC	92	14	0	0	0	0	295	340	0	0	416	0	73	102	75	47	134	57	20	14	20	15	0	0	0	0	0	0	0	0	0	0	0	0	133	155	170	140	257	123	143	140	74	0
MPC	93	12	0	0	0	11	321	285	0	0	357	0	89	94	97	48	107	59	17	16	18	11	0	0	0	0	0	0	0	0	0	0	0	0	0	116	160	163	130	268	126	119	112	56
MPC	94	2	0	0	0	0	332	281	0	0	400	0	82	94	89	39	113	59	29	14	26	13	0	0	0	0	0	0	0	0	0	0	0	67	136	157	119	230	221	128	132	107	33	0
MPC	95	39	0	0	0	0	341	328	0	0	355	0	87	108	85	37	100	58	18	24	29	7	0	0	0	0	0	0	0	0	0	0	0	0	159	144	162	118	271	115	136	103	33	0
MPC	96	26	0	0	0	0	384	340	0	0	130	136	39	106	98	76	90	51	19	27	22	10	0	0	0	0	0	0	0	0	0	0	0	0	121	110	144	116	386	85	157	90	57	0
MPC	97	0	0	0	0	0	33	295	112	0	436	0	120	67	36	52	134	59	22	13	17	14	0	0	0	0	0	0	0	0	0	0	0	0	193	141	131	180	258	105	172	85	49	0
MPC	98	5	0	0	0	0	33	249	119	246	215	68	99	50	20	49	120	51	29	16	13	13	0	0	0	0	0	0	0	0	0	0	0	0	158	145	190	145	356	94	146	89	38	0
MPC	99	14	0	0	0	12	100	293	109	0	411	0	112	80	60	48	133	80	21	17	14	6	0	0	0	0	0	0	0	0	0	0	0	83	145	165	164	219	227	187	180	110	26	0
MPC	100	8	0	0	0	25	106	240	58	0	443	0	118	81	55	53	128	49	22	12	16	11	0	0	0	0	0	0	0	0	0	0	0	0	127	192	187	165	538	130	216	105	78	0
MPC	101	5	0	0	0	0	207	418	133	0	420	0	120	115	167	106	28	118	1	56	3	22	0	0	0	0	0	0	0	0	0	0	0	109	203	161	168	1768	289	784	384	163	0	0
MPC	102	0	0	0	0	0	0	0	0	0	0	0	0	0	0	0	0	0	0	0	0	0	0	0	0	0	0	0	0	0	0	0	0	0	0	0	0	0	0	0	0	0	0	0
# GC Content of first fragments. Use `grep ^GCF | cut -f 2-` to extract this part.
GCF	6.78	0
GCF	14.07	2
GCF	15.08	1
GCF	16.08	0
GCF	17.09	8
GCF	18.09	17
GCF	19.10	23
GCF	20.10	38
GCF	21.11	48
GCF	22.11	91
GCF	23.12	123
GCF	24.12	168
GCF	25.13	275
GCF	26.13	364
GCF	27.14	537
GCF	28.14	640
GCF	29.15	838
GCF	30.15	1107
GCF	31.16	1566
GCF	32.16	1916
GCF	32.91	2115
GCF	33.67	2570
GCF	34.67	2965
GCF	35.68	3665
GCF	36.68	4125
GCF	37.69	4790
GCF	38.69	5628
GCF	39.70	6509
GCF	40.70	7669
GCF	41.71	8516
GCF	42.71	9563
GCF	43.72	10668
GCF	44.72	11876
GCF	45.73	12538
GCF	46.73	14295
GCF	47.74	15837
GCF	48.74	17328
GCF	49.75	19032
GCF	50.75	20614
GCF	51.76	22402
GCF	52.76	24118
GCF	53.77	26207
GCF	54.77	29131
GCF	55.78	31549
GCF	56.78	33254
GCF	57.79	36949
GCF	58.79	38956
GCF	59.80	40555
GCF	60.80	42380
GCF	61.81	42748
GCF	62.81	42049
GCF	63.82	40583
GCF	64.82	37697
GCF	65.83	35030
GCF	66.58	30628
GCF	67.34	26422
GCF	68.34	20818
GCF	69.35	17013
GCF	70.35	14222
GCF	71.36	11041
GCF	72.36	8765
GCF	73.37	6644
GCF	74.37	5287
GCF	75.38	4051
GCF	76.38	3083
GCF	77.39	2197
GCF	78.39	1822
GCF	79.40	1220
GCF	80.40	798
GCF	81.41	501
GCF	82.41	252
GCF	83.42	176
GCF	84.42	119
GCF	85.43	84
GCF	86.43	66
GCF	87.44	42
GCF	88.44	34
GCF	89.45	17
GCF	90.45	23
GCF	91.46	18
GCF	92.46	12
GCF	93.97	5
GCF	95.48	4
GCF	96.48	2
GCF	97.49	1
# GC Content of last fragments. Use `grep ^GCL | cut -f 2-` to extract this part.
GCL	3.27	0
GCL	7.04	1
GCL	9.05	0
GCL	11.56	2
GCL	13.07	1
GCL	14.07	6
GCL	15.08	2
GCL	16.08	4
GCL	17.09	10
GCL	18.09	20
GCL	19.10	24
GCL	20.10	30
GCL	21.11	51
GCL	22.11	104
GCL	23.12	114
GCL	24.12	187
GCL	25.13	292
GCL	26.13	348
GCL	27.14	562
GCL	28.14	620
GCL	29.15	878
GCL	30.15	1109
GCL	31.16	1517
GCL	32.16	1826
GCL	32.91	2072
GCL	33.67	2620
GCL	34.67	3007
GCL	35.68	3661
GCL	36.68	4173
GCL	37.69	4726
GCL	38.69	5788
GCL	39.70	6536
GCL	40.70	7645
GCL	41.71	8586
GCL	42.71	9582
GCL	43.72	10780
GCL	44.72	11804
GCL	45.73	12233
GCL	46.73	14029
GCL	47.74	15677
GCL	48.74	17419
GCL	49.75	19118
GCL	50.75	20848
GCL	51.76	22413
GCL	52.76	24219
GCL	53.77	26118
GCL	54.77	29159
GCL	55.78	31928
GCL	56.78	34141
GCL	57.79	37006
GCL	58.79	38920
GCL	59.80	40644
GCL	60.80	41988
GCL	61.81	42227
GCL	62.81	41784
GCL	63.82	40170
GCL	64.82	37457
GCL	65.83	34767
GCL	66.58	30772
GCL	67.34	26319
GCL	68.34	21392
GCL	69.35	17062
GCL	70.35	14359
GCL	71.36	11213
GCL	72.36	8700
GCL	73.37	6543
GCL	74.37	5232
GCL	75.38	3973
GCL	76.38	3038
GCL	77.39	2294
GCL	78.39	1725
GCL	79.40	1178
GCL	80.40	741
GCL	81.41	537
GCL	82.41	299
GCL	83.42	188
GCL	84.42	124
GCL	85.43	91
GCL	86.43	64
GCL	87.44	48
GCL	88.44	47
GCL	89.45	38
GCL	90.45	25
GCL	91.46	28
GCL	92.46	10
GCL	93.47	13
GCL	94.47	7
GCL	95.48	12
GCL	96.48	8
GCL	97.49	4
GCL	98.49	3
# ACGT content per cycle. Use `grep ^GCC | cut -f 2-` to extract this part. The columns are: cycle; A,C,G,T base counts as a percentage of all A/C/G/T bases [%]; and N and O counts as a percentage of all A/C/G/T bases [%]
GCC	1	11.14	39.07	38.74	11.05	0.02	0.00
GCC	2	22.66	27.41	27.54	22.40	0.01	0.00
GCC	3	20.19	29.94	29.72	20.16	0.00	0.00
GCC	4	19.63	30.60	30.34	19.43	0.00	0.00
GCC	5	31.49	18.74	18.45	31.32	0.01	0.00
GCC	6	19.62	30.55	30.37	19.45	0.00	0.00
GCC	7	19.95	30.14	29.92	19.99	0.00	0.00
GCC	8	21.51	28.52	28.48	21.50	0.00	0.00
GCC	9	12.46	37.75	37.40	12.39	0.00	0.00
GCC	10	27.99	22.18	22.08	27.75	0.00	0.00
GCC	11	17.22	32.92	32.56	17.30	0.00	0.00
GCC	12	22.68	27.51	27.21	22.60	0.00	0.00
GCC	13	17.84	32.18	32.17	17.81	0.00	0.00
GCC	14	18.69	31.35	31.22	18.74	0.03	0.00
GCC	15	20.82	29.19	29.08	20.90	0.00	0.00
GCC	16	21.16	29.07	28.70	21.07	0.00	0.00
GCC	17	21.83	28.21	28.15	21.81	0.00	0.00
GCC	18	21.58	28.59	28.26	21.57	0.00	0.00
GCC	19	21.28	28.63	28.69	21.40	0.00	0.00
GCC	20	21.21	28.85	28.73	21.22	0.00	0.00
GCC	21	21.17	29.03	28.66	21.14	0.00	0.00
GCC	22	21.05	29.09	28.82	21.04	0.00	0.00
GCC	23	21.02	28.91	28.63	21.44	0.00	0.00
GCC	24	21.29	28.79	28.60	21.32	0.00	0.00
GCC	25	21.18	28.89	28.78	21.16	0.00	0.00
GCC	26	21.39	28.70	28.54	21.38	0.00	0.00
GCC	27	21.19	28.87	28.65	21.29	0.00	0.00
GCC	28	21.12	29.03	28.66	21.19	0.00	0.00
GCC	29	21.21	28.74	28.42	21.63	0.00	0.00
GCC	30	21.09	28.96	28.69	21.26	0.00	0.00
GCC	31	21.22	29.10	28.52	21.16	0.00	0.00
GCC	32	21.19	28.98	28.48	21.35	0.00	0.00
GCC	33	21.11	29.10	28.58	21.21	0.00	0.00
GCC	34	21.16	29.01	28.59	21.24	0.00	0.00
GCC	35	21.33	28.75	28.55	21.36	0.00	0.00
GCC	36	21.28	28.77	28.58	21.37	0.00	0.00
GCC	37	21.10	28.92	28.74	21.24	0.00	0.00
GCC	38	21.35	28.76	28.51	21.39	0.00	0.00
GCC	39	21.28	28.93	28.62	21.17	0.00	0.00
GCC	40	21.07	29.03	28.66	21.25	0.00	0.00
GCC	41	21.44	28.79	28.26	21.51	0.00	0.00
GCC	42	21.14	28.93	28.68	21.25	0.00	0.00
GCC	43	21.12	29.07	28.62	21.19	0.00	0.00
GCC	44	21.42	28.87	28.53	21.18	0.00	0.00
GCC	45	21.09	29.04	28.66	21.21	0.00	0.00
GCC	46	21.28	29.01	28.58	21.12	0.00	0.00
GCC	47	21.28	28.91	28.54	21.26	0.00	0.00
GCC	48	21.24	28.99	28.58	21.19	0.03	0.00
GCC	49	21.20	28.92	28.67	21.21	0.00	0.00
GCC	50	21.34	28.72	28.55	21.39	0.00	0.00
GCC	51	21.24	28.96	28.57	21.23	0.00	0.00
GCC	52	21.05	29.06	28.73	21.17	0.00	0.00
GCC	53	21.31	28.92	28.45	21.32	0.00	0.00
GCC	54	21.12	28.95	28.71	21.22	0.00	0.00
GCC	55	21.16	28.96	28.69	21.20	0.00	0.00
GCC	56	21.44	28.79	28.51	21.26	0.00	0.00
GCC	57	21.12	29.01	28.72	21.16	0.00	0.00
GCC	58	21.16	29.11	28.59	21.14	0.01	0.00
GCC	59	21.30	28.90	28.57	21.23	0.00	0.00
GCC	60	21.14	29.05	28.48	21.33	0.00	0.00
GCC	61	21.13	29.10	28.56	21.21	0.00	0.00
GCC	62	21.26	28.80	28.53	21.40	0.00	0.00
GCC	63	21.38	28.91	28.44	21.28	0.00	0.00
GCC	64	21.13	29.00	28.70	21.16	0.00	0.00
GCC	65	21.19	28.93	28.48	21.41	0.00	0.00
GCC	66	21.08	29.17	28.64	21.11	0.00	0.00
GCC	67	21.07	29.07	28.64	21.22	0.01	0.00
GCC	68	21.29	28.88	28.42	21.41	0.01	0.00
GCC	69	21.04	29.08	28.63	21.24	0.00	0.00
GCC	70	21.20	28.96	28.53	21.31	0.00	0.00
GCC	71	21.36	28.88	28.46	21.30	0.00	0.00
GCC	72	21.10	28.96	28.66	21.28	0.00	0.00
GCC	73	21.20	28.87	28.57	21.36	0.00	0.00
GCC	74	21.31	28.73	28.56	21.40	0.01	0.00
GCC	75	21.09	28.86	28.67	21.38	0.03	0.00
GCC	76	21.13	29.16	28.51	21.20	0.00	0.00
GCC	77	21.29	28.93	28.45	21.34	0.00	0.00
GCC	78	21.24	28.96	28.51	21.30	0.01	0.00
GCC	79	21.03	29.00	28.73	21.24	0.01	0.00
GCC	80	21.18	28.77	28.56	21.49	0.01	0.00
GCC	81	21.29	28.76	28.45	21.50	0.00	0.00
GCC	82	21.25	28.91	28.54	21.29	0.01	0.00
GCC	83	21.34	28.91	28.31	21.45	0.00	0.00
GCC	84	21.24	28.80	28.44	21.52	0.00	0.00
GCC	85	21.13	28.93	28.55	21.40	0.01	0.00
GCC	86	21.35	28.73	28.49	21.43	0.01	0.00
GCC	87	21.38	28.80	28.38	21.44	0.01	0.00
GCC	88	21.38	28.99	28.47	21.16	0.00	0.00
GCC	89	21.42	28.69	28.36	21.53	0.00	0.00
GCC	90	21.22	28.91	28.64	21.23	0.00	0.00
GCC	91	21.02	29.00	28.54	21.44	0.00	0.00
GCC	92	21.51	28.67	28.29	21.53	0.00	0.00
GCC	93	21.42	28.89	28.27	21.42	0.00	0.00
GCC	94	21.42	28.84	28.30	21.45	0.00	0.00
GCC	95	21.56	28.56	28.34	21.54	0.00	0.00
GCC	96	21.19	28.77	28.54	21.51	0.00	0.00
GCC	97	21.26	28.91	28.38	21.45	0.00	0.00
GCC	98	21.42	28.58	28.39	21.62	0.00	0.00
GCC	99	21.22	28.89	28.48	21.42	0.00	0.00
GCC	100	21.26	28.85	28.43	21.46	0.00	0.00
GCC	101	21.61	28.53	28.25	21.61	0.00	0.00
# ACGT content per cycle for first fragments. Use `grep ^FBC | cut -f 2-` to extract this part. The columns are: cycle; A,C,G,T base counts as a percentage of all A/C/G/T bases [%]; and N and O counts as a percentage of all A/C/G/T bases [%]
FBC	1	11.13	39.07	38.78	11.03	0.03	0.00
FBC	2	22.64	27.40	27.54	22.42	0.01	0.00
FBC	3	20.19	29.91	29.70	20.20	0.00	0.00
FBC	4	19.57	30.65	30.36	19.42	0.00	0.00
FBC	5	31.41	18.74	18.49	31.36	0.02	0.00
FBC	6	19.64	30.57	30.29	19.50	0.00	0.00
FBC	7	20.02	30.12	29.87	19.99	0.00	0.00
FBC	8	21.48	28.53	28.55	21.44	0.00	0.00
FBC	9	12.46	37.75	37.40	12.39	0.00	0.00
FBC	10	27.98	22.11	22.09	27.82	0.00	0.00
FBC	11	17.25	32.88	32.59	17.28	0.00	0.00
FBC	12	22.74	27.45	27.16	22.64	0.00	0.00
FBC	13	17.78	32.21	32.22	17.78	0.00	0.00
FBC	14	18.72	31.36	31.11	18.81	0.00	0.00
FBC	15	20.86	29.22	28.97	20.95	0.00	0.00
FBC	16	21.17	29.03	28.67	21.13	0.00	0.00
FBC	17	21.79	28.21	28.18	21.82	0.00	0.00
FBC	18	21.63	28.49	28.25	21.64	0.00	0.00
FBC	19	21.28	28.62	28.74	21.37	0.00	0.00
FBC	20	21.18	28.88	28.73	21.21	0.00	0.00
FBC	21	21.15	29.02	28.67	21.17	0.00	0.00
FBC	22	21.08	29.04	28.82	21.06	0.00	0.00
FBC	23	20.94	28.98	28.64	21.44	0.00	0.00
FBC	24	21.31	28.78	28.55	21.35	0.00	0.00
FBC	25	21.21	28.85	28.83	21.11	0.00	0.00
FBC	26	21.34	28.73	28.53	21.41	0.00	0.00
FBC	27	21.23	28.82	28.70	21.25	0.00	0.00
FBC	28	21.14	28.96	28.70	21.21	0.00	0.00
FBC	29	21.21	28.73	28.49	21.57	0.00	0.00
FBC	30	21.09	28.93	28.68	21.30	0.00	0.00
FBC	31	21.23	29.15	28.53	21.08	0.00	0.00
FBC	32	21.21	28.95	28.44	21.41	0.00	0.00
FBC	33	21.13	29.18	28.45	21.24	0.00	0.00
FBC	34	21.22	29.02	28.52	21.24	0.00	0.00
FBC	35	21.40	28.76	28.53	21.32	0.00	0.00
FBC	36	21.33	28.77	28.50	21.41	0.00	0.00
FBC	37	21.04	28.96	28.75	21.25	0.00	0.00
FBC	38	21.36	28.74	28.49	21.41	0.00	0.00
FBC	39	21.29	28.91	28.62	21.17	0.00	0.00
FBC	40	21.08	29.02	28.69	21.20	0.00	0.00
FBC	41	21.48	28.82	28.24	21.46	0.00	0.00
FBC	42	21.13	28.95	28.70	21.21	0.00	0.00
FBC	43	21.13	29.08	28.60	21.19	0.00	0.00
FBC	44	21.31	28.88	28.53	21.28	0.00	0.00
FBC	45	21.07	29.03	28.60	21.29	0.00	0.00
FBC	46	21.25	29.04	28.60	21.10	0.00	0.00
FBC	47	21.26	28.98	28.50	21.25	0.00	0.00
FBC	48	21.26	29.01	28.53	21.20	0.05	0.00
FBC	49	21.14	28.95	28.69	21.22	0.00	0.00
FBC	50	21.34	28.75	28.50	21.40	0.00	0.00
FBC	51	21.24	28.96	28.55	21.25	0.00	0.00
FBC	52	21.01	29.10	28.67	21.22	0.00	0.00
FBC	53	21.28	28.99	28.44	21.29	0.00	0.00
FBC	54	21.18	28.94	28.67	21.20	0.00	0.00
FBC	55	21.16	28.87	28.75	21.22	0.00	0.00
FBC	56	21.37	28.77	28.63	21.23	0.00	0.00
FBC	57	21.10	29.00	28.70	21.19	0.00	0.00
FBC	58	21.15	29.08	28.64	21.14	0.00	0.00
FBC	59	21.28	28.94	28.59	21.19	0.00	0.00
FBC	60	21.17	29.06	28.47	21.30	0.00	0.00
FBC	61	21.17	29.06	28.57	21.20	0.00	0.00
FBC	62	21.27	28.79	28.58	21.36	0.00	0.00
FBC	63	21.42	28.90	28.42	21.27	0.00	0.00
FBC	64	21.13	29.02	28.72	21.13	0.00	0.00
FBC	65	21.21	28.89	28.51	21.39	0.00	0.00
FBC	66	21.15	29.09	28.70	21.06	0.00	0.00
FBC	67	21.07	29.09	28.68	21.16	0.00	0.00
FBC	68	21.25	28.86	28.44	21.46	0.00	0.00
FBC	69	21.05	29.01	28.68	21.26	0.00	0.00
FBC	70	21.22	28.87	28.59	21.31	0.00	0.00
FBC	71	21.35	28.89	28.50	21.26	0.00	0.00
FBC	72	21.10	28.94	28.64	21.32	0.00	0.00
FBC	73	21.22	28.88	28.55	21.34	0.00	0.00
FBC	74	21.27	28.72	28.64	21.37	0.00	0.00
FBC	75	21.12	28.83	28.64	21.40	0.06	0.00
FBC	76	21.12	29.21	28.53	21.14	0.00	0.00
FBC	77	21.30	28.83	28.46	21.41	0.00	0.00
FBC	78	21.24	28.91	28.55	21.30	0.00	0.00
FBC	79	20.99	28.97	28.79	21.26	0.00	0.00
FBC	80	21.13	28.75	28.58	21.54	0.00	0.00
FBC	81	21.28	28.73	28.47	21.51	0.00	0.00
FBC	82	21.24	28.91	28.59	21.26	0.00	0.00
FBC	83	21.37	28.96	28.32	21.36	0.00	0.00
FBC	84	21.19	28.80	28.43	21.58	0.00	0.00
FBC	85	21.14	28.90	28.53	21.44	0.00	0.00
FBC	86	21.35	28.76	28.51	21.38	0.00	0.00
FBC	87	21.40	28.79	28.39	21.42	0.00	0.00
FBC	88	21.36	29.05	28.44	21.15	0.00	0.00
FBC	89	21.41	28.73	28.32	21.54	0.00	0.00
FBC	90	21.23	28.96	28.61	21.20	0.00	0.00
FBC	91	20.96	29.09	28.49	21.46	0.00	0.00
FBC	92	21.50	28.71	28.33	21.46	0.00	0.00
FBC	93	21.40	28.88	28.30	21.43	0.00	0.00
FBC	94	21.44	28.81	28.32	21.43	0.00	0.00
FBC	95	21.51	28.56	28.43	21.50	0.00	0.00
FBC	96	21.15	28.73	28.58	21.53	0.00	0.00
FBC	97	21.25	28.95	28.39	21.41	0.00	0.00
FBC	98	21.42	28.58	28.42	21.58	0.00	0.00
FBC	99	21.20	28.89	28.49	21.43	0.00	0.00
FBC	100	21.28	28.90	28.32	21.50	0.00	0.00
FBC	101	21.58	28.60	28.26	21.56	0.00	0.00
# ACGT raw counters for first fragments. Use `grep ^FTC | cut -f 2-` to extract this part. The columns are: A,C,G,T,N base counters
FTC	18473472	25425722	25145266	18525524	1561
# ACGT content per cycle for last fragments. Use `grep ^LBC | cut -f 2-` to extract this part. The columns are: cycle; A,C,G,T base counts as a percentage of all A/C/G/T bases [%]; and N and O counts as a percentage of all A/C/G/T bases [%]
LBC	1	11.16	39.08	38.69	11.07	0.00	0.00
LBC	2	22.68	27.41	27.54	22.38	0.00	0.00
LBC	3	20.19	29.96	29.74	20.11	0.00	0.00
LBC	4	19.69	30.56	30.31	19.44	0.00	0.00
LBC	5	31.56	18.74	18.41	31.29	0.00	0.00
LBC	6	19.61	30.54	30.45	19.41	0.00	0.00
LBC	7	19.87	30.17	29.98	19.98	0.00	0.00
LBC	8	21.53	28.50	28.41	21.56	0.00	0.00
LBC	9	12.46	37.74	37.40	12.40	0.00	0.00
LBC	10	28.00	22.26	22.07	27.67	0.00	0.00
LBC	11	17.19	32.96	32.54	17.31	0.00	0.00
LBC	12	22.61	27.56	27.27	22.55	0.00	0.00
LBC	13	17.89	32.16	32.12	17.83	0.01	0.00
LBC	14	18.66	31.34	31.33	18.67	0.06	0.00
LBC	15	20.79	29.17	29.20	20.84	0.00	0.00
LBC	16	21.14	29.11	28.73	21.01	0.00	0.00
LBC	17	21.87	28.21	28.12	21.80	0.00	0.00
LBC	18	21.54	28.69	28.28	21.50	0.00	0.00
LBC	19	21.28	28.65	28.64	21.43	0.00	0.00
LBC	20	21.24	28.82	28.72	21.22	0.00	0.00
LBC	21	21.20	29.05	28.65	21.10	0.00	0.00
LBC	22	21.02	29.14	28.82	21.02	0.00	0.00
LBC	23	21.10	28.84	28.62	21.44	0.00	0.00
LBC	24	21.27	28.80	28.64	21.29	0.00	0.00
LBC	25	21.16	28.92	28.72	21.21	0.00	0.00
LBC	26	21.44	28.67	28.54	21.35	0.00	0.00
LBC	27	21.15	28.91	28.60	21.33	0.00	0.00
LBC	28	21.10	29.11	28.63	21.17	0.00	0.00
LBC	29	21.22	28.74	28.36	21.68	0.00	0.00
LBC	30	21.08	29.00	28.70	21.21	0.00	0.00
LBC	31	21.20	29.05	28.51	21.23	0.00	0.00
LBC	32	21.18	29.00	28.52	21.30	0.00	0.00
LBC	33	21.08	29.02	28.71	21.19	0.00	0.00
LBC	34	21.11	28.99	28.66	21.25	0.00	0.00
LBC	35	21.27	28.75	28.58	21.41	0.00	0.00
LBC	36	21.24	28.78	28.66	21.33	0.00	0.00
LBC	37	21.16	28.89	28.73	21.22	0.00	0.00
LBC	38	21.34	28.77	28.52	21.36	0.01	0.00
LBC	39	21.26	28.94	28.63	21.17	0.00	0.00
LBC	40	21.05	29.04	28.62	21.30	0.00	0.00
LBC	41	21.41	28.76	28.28	21.55	0.01	0.00
LBC	42	21.15	28.90	28.67	21.28	0.00	0.00
LBC	43	21.11	29.05	28.65	21.19	0.00	0.00
LBC	44	21.53	28.85	28.54	21.08	0.00	0.00
LBC	45	21.11	29.04	28.72	21.14	0.01	0.00
LBC	46	21.31	28.98	28.57	21.14	0.00	0.00
LBC	47	21.30	28.84	28.58	21.27	0.01	0.00
LBC	48	21.21	28.97	28.64	21.18	0.01	0.00
LBC	49	21.26	28.90	28.64	21.21	0.00	0.00
LBC	50	21.34	28.68	28.60	21.39	0.00	0.00
LBC	51	21.23	28.97	28.59	21.20	0.01	0.00
LBC	52	21.08	29.02	28.79	21.11	0.01	0.00
LBC	53	21.33	28.85	28.46	21.35	0.00	0.00
LBC	54	21.05	28.96	28.75	21.23	0.01	0.00
LBC	55	21.15	29.05	28.62	21.17	0.01	0.00
LBC	56	21.52	28.81	28.38	21.29	0.01	0.00
LBC	57	21.13	29.01	28.73	21.13	0.01	0.00
LBC	58	21.18	29.14	28.54	21.14	0.01	0.00
LBC	59	21.32	28.87	28.55	21.27	0.01	0.00
LBC	60	21.11	29.05	28.49	21.35	0.01	0.00
LBC	61	21.10	29.14	28.54	21.22	0.01	0.00
LBC	62	21.26	28.82	28.49	21.44	0.01	0.00
LBC	63	21.33	28.91	28.47	21.29	0.01	0.00
LBC	64	21.13	28.99	28.68	21.19	0.01	0.00
LBC	65	21.17	28.96	28.44	21.43	0.01	0.00
LBC	66	21.01	29.24	28.59	21.16	0.00	0.00
LBC	67	21.08	29.04	28.60	21.28	0.01	0.00
LBC	68	21.33	28.90	28.41	21.36	0.01	0.00
LBC	69	21.03	29.16	28.58	21.23	0.01	0.00
LBC	70	21.18	29.05	28.47	21.30	0.00	0.00
LBC	71	21.37	28.87	28.42	21.34	0.00	0.00
LBC	72	21.09	28.98	28.68	21.24	0.00	0.00
LBC	73	21.18	28.86	28.58	21.38	0.00	0.00
LBC	74	21.35	28.73	28.49	21.43	0.01	0.00
LBC	75	21.06	28.89	28.69	21.36	0.01	0.00
LBC	76	21.15	29.10	28.49	21.26	0.01	0.00
LBC	77	21.27	29.02	28.43	21.27	0.01	0.00
LBC	78	21.24	29.00	28.46	21.30	0.01	0.00
LBC	79	21.06	29.02	28.68	21.23	0.01	0.00
LBC	80	21.22	28.79	28.54	21.45	0.01	0.00
LBC	81	21.30	28.79	28.43	21.48	0.01	0.00
LBC	82	21.26	28.92	28.50	21.33	0.01	0.00
LBC	83	21.30	28.86	28.30	21.54	0.01	0.00
LBC	84	21.28	28.81	28.44	21.47	0.01	0.00
LBC	85	21.12	28.97	28.56	21.36	0.01	0.00
LBC	86	21.35	28.71	28.46	21.48	0.01	0.00
LBC	87	21.36	28.81	28.37	21.45	0.01	0.00
LBC	88	21.40	28.92	28.51	21.17	0.01	0.00
LBC	89	21.43	28.66	28.40	21.52	0.00	0.00
LBC	90	21.22	28.87	28.67	21.25	0.01	0.00
LBC	91	21.08	28.91	28.59	21.42	0.01	0.00
LBC	92	21.52	28.64	28.24	21.60	0.01	0.00
LBC	93	21.43	28.91	28.25	21.40	0.01	0.00
LBC	94	21.40	28.87	28.27	21.47	0.00	0.00
LBC	95	21.61	28.55	28.25	21.59	0.01	0.00
LBC	96	21.22	28.81	28.49	21.49	0.01	0.00
LBC	97	21.27	28.87	28.37	21.48	0.00	0.00
LBC	98	21.42	28.58	28.36	21.65	0.00	0.00
LBC	99	21.24	28.89	28.47	21.40	0.01	0.00
LBC	100	21.24	28.80	28.53	21.43	0.01	0.00
LBC	101	21.64	28.47	28.23	21.66	0.01	0.00
# ACGT raw counters for last fragments. Use `grep ^LTC | cut -f 2-` to extract this part. The columns are: A,C,G,T,N base counters
LTC	18476697	25427659	25139269	18523474	4446
# Insert sizes. Use `grep ^IS | cut -f 2-` to extract this part. The columns are: insert size, pairs total, inward oriented pairs, outward oriented pairs, other pairs
IS	0	0	0	0	0
IS	1	0	0	0	0
IS	2	1	0	1	0
IS	3	1	0	1	0
IS	4	1	0	1	0
IS	5	0	0	0	0
IS	6	0	0	0	0
IS	7	0	0	0	0
IS	8	0	0	0	0
IS	9	3	0	3	0
IS	10	0	0	0	0
IS	11	0	0	0	0
IS	12	0	0	0	0
IS	13	0	0	0	0
IS	14	4	0	4	0
IS	15	0	0	0	0
IS	16	0	0	0	0
IS	17	1	0	1	0
IS	18	0	0	0	0
IS	19	0	0	0	0
IS	20	1	0	1	0
IS	21	3	0	3	0
IS	22	0	0	0	0
IS	23	2	0	2	0
IS	24	0	0	0	0
IS	25	1	1	0	0
IS	26	1	0	1	0
IS	27	1	0	1	0
IS	28	1	0	1	0
IS	29	2	0	2	0
IS	30	3	0	3	0
IS	31	3	1	2	0
IS	32	1	0	1	0
IS	33	8	3	5	0
IS	34	3	1	2	0
IS	35	4	1	3	0
IS	36	7	4	3	0
IS	37	1	0	1	0
IS	38	1	0	1	0
IS	39	7	2	5	0
IS	40	16	5	11	0
IS	41	6	3	3	0
IS	42	7	1	6	0
IS	43	5	2	3	0
IS	44	3	1	2	0
IS	45	9	2	7	0
IS	46	5	4	1	0
IS	47	10	4	6	0
IS	48	14	4	10	0
IS	49	13	1	12	0
IS	50	27	11	16	0
IS	51	53	14	39	0
IS	52	46	14	32	0
IS	53	39	10	29	0
IS	54	49	16	33	0
IS	55	54	15	39	0
IS	56	44	13	31	0
IS	57	41	11	30	0
IS	58	32	12	19	1
IS	59	66	19	46	1
IS	60	88	36	52	0
IS	61	152	58	94	0
IS	62	173	48	125	0
IS	63	203	80	123	0
IS	64	229	73	156	0
IS	65	213	76	137	0
IS	66	219	70	148	1
IS	67	182	72	110	0
IS	68	140	52	88	0
IS	69	183	67	115	1
IS	70	206	69	137	0
IS	71	404	164	239	1
IS	72	499	174	325	0
IS	73	596	249	347	0
IS	74	676	250	425	1
IS	75	686	254	431	1
IS	76	602	207	395	0
IS	77	496	186	310	0
IS	78	387	149	238	0
IS	79	376	148	227	1
IS	80	457	167	290	0
IS	81	653	234	419	0
IS	82	953	338	614	1
IS	83	1119	417	702	0
IS	84	1273	491	782	0
IS	85	1354	529	824	1
IS	86	1150	447	703	0
IS	87	1050	407	643	0
IS	88	856	325	531	0
IS	89	733	270	463	0
IS	90	877	375	500	2
IS	91	1061	405	656	0
IS	92	1495	590	905	0
IS	93	1831	727	1104	0
IS	94	1959	750	1209	0
IS	95	2054	762	1291	1
IS	96	1983	753	1230	0
IS	97	1710	591	1118	1
IS	98	1457	530	927	0
IS	99	1223	451	772	0
IS	100	1275	16	1259	0
IS	101	1536	757	779	0
IS	102	1989	1989	0	0
IS	103	2538	2538	0	0
IS	104	2941	2941	0	0
IS	105	3027	3027	0	0
IS	106	3025	3022	0	3
IS	107	2641	2641	0	0
IS	108	2312	2312	0	0
IS	109	2019	2018	0	1
IS	110	1868	1868	0	0
IS	111	2008	2007	0	1
IS	112	2556	2556	0	0
IS	113	3223	3223	0	0
IS	114	3687	3686	0	1
IS	115	4005	4005	0	0
IS	116	4017	4017	0	0
IS	117	3754	3754	0	0
IS	118	3337	3337	0	0
IS	119	2889	2889	0	0
IS	120	2555	2555	0	0
IS	121	2699	2699	0	0
IS	122	3131	3131	0	0
IS	123	3890	3890	0	0
IS	124	4537	4537	0	0
IS	125	5098	5098	0	0
IS	126	5061	5060	0	1
IS	127	5037	5037	0	0
IS	128	4499	4499	0	0
IS	129	3844	3844	0	0
IS	130	3513	3513	0	0
IS	131	3573	3573	0	0
IS	132	3678	3677	1	0
IS	133	4466	4466	0	0
IS	134	5273	5273	0	0
IS	135	5804	5804	0	0
IS	136	6154	6154	0	0
IS	137	5939	5938	0	1
IS	138	5379	5379	0	0
IS	139	4981	4981	0	0
IS	140	4480	4478	0	2
IS	141	4078	4078	0	0
IS	142	4435	4435	0	0
IS	143	4848	4848	0	0
IS	144	5559	5559	0	0
IS	145	6497	6497	0	0
IS	146	6893	6893	0	0
IS	147	7120	7120	0	0
IS	148	6571	6571	0	0
IS	149	5911	5911	0	0
IS	150	5372	5372	0	0
IS	151	4864	4864	0	0
IS	152	4883	4883	0	0
IS	153	5311	5311	0	0
IS	154	5840	5840	0	0
IS	155	6645	6645	0	0
IS	156	7231	7231	0	0
IS	157	7567	7567	0	0
IS	158	7143	7143	0	0
IS	159	6451	6451	0	0
IS	160	5740	5740	0	0
IS	161	5363	5363	0	0
IS	162	5031	5030	0	1
IS	163	5373	5373	0	0
IS	164	5949	5949	0	0
IS	165	6589	6589	0	0
IS	166	7401	7401	0	0
IS	167	7505	7505	0	0
IS	168	7328	7328	0	0
IS	169	6951	6951	0	0
IS	170	6435	6434	0	1
IS	171	5728	5728	0	0
IS	172	5427	5426	0	1
IS	173	5311	5310	0	1
IS	174	5642	5641	0	1
IS	175	6285	6285	0	0
IS	176	6768	6768	0	0
IS	177	7054	7054	0	0
IS	178	7121	7121	0	0
IS	179	6822	6822	0	0
IS	180	6379	6379	0	0
IS	181	5576	5576	0	0
IS	182	5214	5214	0	0
IS	183	5210	5210	0	0
IS	184	5321	5320	0	1
IS	185	5867	5867	0	0
IS	186	6273	6273	0	0
IS	187	6551	6551	0	0
IS	188	6876	6876	0	0
IS	189	6377	6377	0	0
IS	190	6135	6135	0	0
IS	191	5651	5650	0	1
IS	192	4997	4997	0	0
IS	193	4905	4905	0	0
IS	194	4833	4833	0	0
IS	195	5159	5159	0	0
IS	196	5622	5622	0	0
IS	197	5890	5889	0	1
IS	198	6038	6038	0	0
IS	199	5948	5946	0	2
IS	200	5736	5736	0	0
IS	201	5467	5467	0	0
IS	202	4801	4801	0	0
IS	203	4531	4531	0	0
IS	204	4549	4549	0	0
IS	205	4560	4560	0	0
IS	206	4855	4855	0	0
IS	207	5175	5175	0	0
IS	208	5499	5499	0	0
IS	209	5332	5332	0	0
IS	210	5126	5126	0	0
IS	211	4647	4647	0	0
IS	212	4413	4413	0	0
IS	213	4124	4124	0	0
IS	214	4015	4015	0	0
IS	215	3884	3884	0	0
IS	216	4174	4173	0	1
IS	217	4417	4417	0	0
IS	218	4513	4513	0	0
IS	219	4707	4706	0	1
IS	220	4348	4348	0	0
IS	221	4286	4286	0	0
IS	222	3920	3920	0	0
IS	223	3602	3602	0	0
IS	224	3639	3639	0	0
IS	225	3440	3440	0	0
IS	226	3529	3529	0	0
IS	227	3583	3583	0	0
IS	228	3632	3632	0	0
IS	229	3862	3862	0	0
IS	230	3932	3932	0	0
IS	231	3647	3647	0	0
IS	232	3548	3548	0	0
IS	233	3244	3243	0	1
IS	234	3145	3145	0	0
IS	235	3049	3049	0	0
IS	236	2969	2969	0	0
IS	237	3067	3067	0	0
IS	238	3228	3228	0	0
IS	239	3307	3307	0	0
IS	240	3377	3377	0	0
IS	241	3126	3126	0	0
IS	242	3018	3018	0	0
IS	243	2768	2768	0	0
IS	244	2756	2756	0	0
IS	245	2582	2582	0	0
IS	246	2588	2588	0	0
IS	247	2545	2545	0	0
IS	248	2677	2677	0	0
IS	249	2763	2763	0	0
IS	250	2754	2754	0	0
IS	251	2665	2665	0	0
IS	252	2611	2611	0	0
IS	253	2642	2642	0	0
IS	254	2267	2267	0	0
IS	255	2248	2248	0	0
IS	256	2155	2155	0	0
IS	257	2193	2193	0	0
IS	258	2302	2302	0	0
IS	259	2284	2284	0	0
IS	260	2331	2331	0	0
IS	261	2273	2273	0	0
IS	262	2227	2227	0	0
IS	263	2204	2204	0	0
IS	264	2072	2072	0	0
IS	265	1925	1925	0	0
IS	266	1827	1827	0	0
IS	267	1772	1772	0	0
IS	268	1899	1899	0	0
IS	269	1865	1865	0	0
IS	270	1916	1916	0	0
IS	271	1898	1898	0	0
IS	272	1888	1888	0	0
IS	273	1734	1734	0	0
IS	274	1630	1630	0	0
IS	275	1628	1628	0	0
IS	276	1540	1540	0	0
IS	277	1596	1596	0	0
IS	278	1465	1465	0	0
IS	279	1598	1598	0	0
IS	280	1569	1569	0	0
IS	281	1612	1612	0	0
IS	282	1604	1604	0	0
IS	283	1542	1542	0	0
IS	284	1500	1500	0	0
IS	285	1386	1386	0	0
IS	286	1337	1337	0	0
IS	287	1232	1232	0	0
IS	288	1221	1221	0	0
IS	289	1335	1335	0	0
IS	290	1325	1325	0	0
IS	291	1344	1344	0	0
IS	292	1326	1326	0	0
IS	293	1284	1284	0	0
IS	294	1317	1317	0	0
IS	295	1147	1147	0	0
IS	296	1152	1152	0	0
IS	297	1079	1079	0	0
IS	298	1085	1085	0	0
IS	299	1120	1120	0	0
IS	300	1180	1179	0	1
IS	301	1110	1110	0	0
IS	302	1117	1117	0	0
IS	303	1061	1061	0	0
IS	304	1091	1091	0	0
IS	305	943	943	0	0
IS	306	985	984	0	1
IS	307	882	882	0	0
IS	308	902	902	0	0
IS	309	860	858	0	2
IS	310	878	878	0	0
IS	311	919	919	0	0
IS	312	978	978	0	0
IS	313	881	881	0	0
IS	314	881	881	0	0
IS	315	817	817	0	0
IS	316	794	794	0	0
IS	317	751	751	0	0
IS	318	728	725	0	3
IS	319	724	724	0	0
IS	320	805	805	0	0
IS	321	737	737	0	0
IS	322	831	831	0	0
IS	323	720	720	0	0
IS	324	722	722	0	0
IS	325	706	706	0	0
IS	326	679	679	0	0
IS	327	663	663	0	0
IS	328	637	637	0	0
IS	329	601	601	0	0
IS	330	639	639	0	0
IS	331	624	624	0	0
IS	332	591	591	0	0
IS	333	623	622	0	1
IS	334	654	654	0	0
IS	335	556	556	0	0
IS	336	550	550	0	0
IS	337	520	520	0	0
IS	338	492	492	0	0
IS	339	454	454	0	0
IS	340	465	465	0	0
IS	341	457	457	0	0
IS	342	465	465	0	0
IS	343	451	451	0	0
IS	344	474	474	0	0
IS	345	460	459	0	1
IS	346	461	461	0	0
IS	347	440	440	0	0
IS	348	370	370	0	0
IS	349	404	404	0	0
IS	350	365	365	0	0
IS	351	371	371	0	0
IS	352	329	329	0	0
IS	353	383	383	0	0
IS	354	389	389	0	0
IS	355	372	372	0	0
IS	356	323	323	0	0
IS	357	330	330	0	0
IS	358	313	313	0	0
IS	359	272	272	0	0
IS	360	259	259	0	0
IS	361	295	295	0	0
IS	362	273	273	0	0
IS	363	302	302	0	0
IS	364	288	288	0	0
IS	365	275	275	0	0
# Read lengths. Use `grep ^RL | cut -f 2-` to extract this part. The columns are: read length, count
RL	101	1734090
# Read lengths - first fragments. Use `grep ^FRL | cut -f 2-` to extract this part. The columns are: read length, count
FRL	101	867045
# Read lengths - last fragments. Use `grep ^LRL | cut -f 2-` to extract this part. The columns are: read length, count
LRL	101	867045
# Indel distribution. Use `grep ^ID | cut -f 2-` to extract this part. The columns are: length, number of insertions, number of deletions
ID	1	2214	3142
ID	2	634	607
ID	3	344	515
ID	4	106	291
ID	5	53	75
ID	6	34	104
ID	7	21	11
ID	8	7	17
ID	9	86	95
ID	10	5	19
ID	11	1	9
ID	12	4	6
ID	13	65	144
ID	14	8	2
ID	15	1	3
ID	16	1	3
ID	17	0	14
ID	18	3	0
ID	20	0	1
ID	21	0	31
ID	35	0	1
ID	37	0	1
ID	42	0	2
# Indels per cycle. Use `grep ^IC | cut -f 2-` to extract this part. The columns are: cycle, number of insertions (fwd), .. (rev) , number of deletions (fwd), .. (rev)
IC	3	0	0	9	11
IC	4	23	17	20	21
IC	5	10	6	15	20
IC	6	11	15	8	6
IC	7	6	14	21	27
IC	8	7	12	21	18
IC	9	19	23	19	17
IC	10	18	21	30	32
IC	11	13	12	18	18
IC	12	18	14	31	35
IC	13	15	16	27	39
IC	14	12	13	26	25
IC	15	20	21	34	33
IC	16	14	26	25	24
IC	17	8	16	45	52
IC	18	15	25	34	23
IC	19	23	25	25	24
IC	20	17	22	44	32
IC	21	27	27	27	21
IC	22	25	14	49	27
IC	23	24	17	31	33
IC	24	31	37	33	22
IC	25	21	32	40	29
IC	26	17	22	38	22
IC	27	26	23	35	27
IC	28	13	9	55	41
IC	29	31	38	30	23
IC	30	16	26	37	36
IC	31	12	17	31	19
IC	32	24	30	41	29
IC	33	24	21	36	38
IC	34	20	23	28	16
IC	35	24	31	41	36
IC	36	21	18	14	31
IC	37	18	28	38	32
IC	38	22	11	48	46
IC	39	17	20	36	19
IC	40	18	27	62	35
IC	41	18	21	22	29
IC	42	25	18	27	30
IC	43	21	25	44	33
IC	44	18	23	28	24
IC	45	35	29	54	41
IC	46	15	18	34	26
IC	47	14	21	25	22
IC	48	13	13	36	28
IC	49	13	22	21	20
IC	50	37	18	28	32
IC	51	14	17	26	17
IC	52	37	38	31	20
IC	53	23	30	44	34
IC	54	22	17	33	32
IC	55	17	17	39	33
IC	56	16	12	24	35
IC	57	26	28	24	29
IC	58	20	19	21	25
IC	59	29	18	26	24
IC	60	15	14	24	19
IC	61	14	7	15	19
IC	62	9	17	24	23
IC	63	16	10	19	19
IC	64	12	18	23	20
IC	65	8	12	22	25
IC	66	20	26	21	21
IC	67	20	14	23	34
IC	68	9	15	20	19
IC	69	15	25	22	20
IC	70	14	12	25	20
IC	71	18	23	28	27
IC	72	12	21	19	37
IC	73	15	21	12	16
IC	74	26	33	27	18
IC	75	9	19	28	22
IC	76	22	22	29	30
IC	77	18	23	31	25
IC	78	10	6	19	18
IC	79	14	6	25	26
IC	80	10	16	20	29
IC	81	14	10	19	16
IC	82	17	16	18	29
IC	83	16	10	25	18
IC	84	20	19	16	19
IC	85	4	11	24	14
IC	86	14	11	19	21
IC	87	13	11	14	11
IC	88	9	11	15	14
IC	89	9	11	27	28
IC	90	27	19	17	18
IC	91	17	10	14	20
IC	92	24	18	25	25
IC	93	16	8	5	20
IC	94	6	11	16	27
IC	95	16	15	16	23
IC	96	20	27	24	16
IC	97	36	35	25	25
IC	98	50	74	60	45
# Coverage distribution. Use `grep ^COV | cut -f 2-` to extract this part.
COV	[1-1]	1	831088
COV	[2-2]	2	391354
COV	[3-3]	3	144943
COV	[4-4]	4	109492
COV	[5-5]	5	76029
COV	[6-6]	6	65960
COV	[7-7]	7	53994
COV	[8-8]	8	49195
COV	[9-9]	9	44636
COV	[10-10]	10	41079
COV	[11-11]	11	37779
COV	[12-12]	12	34712
COV	[13-13]	13	33069
COV	[14-14]	14	30886
COV	[15-15]	15	28826
COV	[16-16]	16	27631
COV	[17-17]	17	26077
COV	[18-18]	18	25122
COV	[19-19]	19	23879
COV	[20-20]	20	23147
COV	[21-21]	21	21723
COV	[22-22]	22	21283
COV	[23-23]	23	20718
COV	[24-24]	24	19997
COV	[25-25]	25	19778
COV	[26-26]	26	18835
COV	[27-27]	27	18156
COV	[28-28]	28	17674
COV	[29-29]	29	17016
COV	[30-30]	30	16878
COV	[31-31]	31	16543
COV	[32-32]	32	16611
COV	[33-33]	33	16195
COV	[34-34]	34	15539
COV	[35-35]	35	14912
COV	[36-36]	36	14619
COV	[37-37]	37	14917
COV	[38-38]	38	13943
COV	[39-39]	39	13833
COV	[40-40]	40	13658
COV	[41-41]	41	13555
COV	[42-42]	42	13333
COV	[43-43]	43	13227
COV	[44-44]	44	12916
COV	[45-45]	45	12686
COV	[46-46]	46	12243
COV	[47-47]	47	12095
COV	[48-48]	48	12183
COV	[49-49]	49	11857
COV	[50-50]	50	11627
COV	[51-51]	51	11511
COV	[52-52]	52	11473
COV	[53-53]	53	11470
COV	[54-54]	54	11398
COV	[55-55]	55	11206
COV	[56-56]	56	10529
COV	[57-57]	57	10851
COV	[58-58]	58	10773
COV	[59-59]	59	10704
COV	[60-60]	60	10471
COV	[61-61]	61	10536
COV	[62-62]	62	10395
COV	[63-63]	63	9924
COV	[64-64]	64	9836
COV	[65-65]	65	10106
COV	[66-66]	66	10145
COV	[67-67]	67	9909
COV	[68-68]	68	9677
COV	[69-69]	69	9536
COV	[70-70]	70	9514
COV	[71-71]	71	9737
COV	[72-72]	72	9780
COV	[73-73]	73	9682
COV	[74-74]	74	9497
COV	[75-75]	75	9913
COV	[76-76]	76	9550
COV	[77-77]	77	9547
COV	[78-78]	78	9463
COV	[79-79]	79	9264
COV	[80-80]	80	9509
COV	[81-81]	81	9447
COV	[82-82]	82	9275
COV	[83-83]	83	9478
COV	[84-84]	84	9236
COV	[85-85]	85	9180
COV	[86-86]	86	9439
COV	[87-87]	87	9104
COV	[88-88]	88	9085
COV	[89-89]	89	8955
COV	[90-90]	90	9036
COV	[91-91]	91	8797
COV	[92-92]	92	8869
COV	[93-93]	93	9000
COV	[94-94]	94	8762
COV	[95-95]	95	8667
COV	[96-96]	96	8483
COV	[97-97]	97	8446
COV	[98-98]	98	8218
COV	[99-99]	99	8176
COV	[100-100]	100	8214
COV	[101-101]	101	8015
COV	[102-102]	102	8348
COV	[103-103]	103	8119
COV	[104-104]	104	8053
COV	[105-105]	105	7882
COV	[106-106]	106	7956
COV	[107-107]	107	7801
COV	[108-108]	108	7808
COV	[109-109]	109	7989
COV	[110-110]	110	8105
COV	[111-111]	111	7634
COV	[112-112]	112	7795
COV	[113-113]	113	7706
COV	[114-114]	114	7624
COV	[115-115]	115	7646
COV	[116-116]	116	7667
COV	[117-117]	117	7613
COV	[118-118]	118	7366
COV	[119-119]	119	7327
COV	[120-120]	120	7459
COV	[121-121]	121	7256
COV	[122-122]	122	7205
COV	[123-123]	123	7146
COV	[124-124]	124	7081
COV	[125-125]	125	6993
COV	[126-126]	126	6996
COV	[127-127]	127	6986
COV	[128-128]	128	6952
COV	[129-129]	129	6767
COV	[130-130]	130	6579
COV	[131-131]	131	6639
COV	[132-132]	132	6637
COV	[133-133]	133	6446
COV	[134-134]	134	6533
COV	[135-135]	135	6748
COV	[136-136]	136	6596
COV	[137-137]	137	6538
COV	[138-138]	138	6251
COV	[139-139]	139	6176
COV	[140-140]	140	6216
COV	[141-141]	141	6076
COV	[142-142]	142	5915
COV	[143-143]	143	5958
COV	[144-144]	144	5840
COV	[145-145]	145	5763
COV	[146-146]	146	5736
COV	[147-147]	147	5546
COV	[148-148]	148	5756
COV	[149-149]	149	5351
COV	[150-150]	150	5235
COV	[151-151]	151	5124
COV	[152-152]	152	5339
COV	[153-153]	153	5292
COV	[154-154]	154	5199
COV	[155-155]	155	5241
COV	[156-156]	156	5205
COV	[157-157]	157	4889
COV	[158-158]	158	4800
COV	[159-159]	159	4613
COV	[160-160]	160	4716
COV	[161-161]	161	4734
COV	[162-162]	162	4635
COV	[163-163]	163	4692
COV	[164-164]	164	4589
COV	[165-165]	165	4526
COV	[166-166]	166	4443
COV	[167-167]	167	4243
COV	[168-168]	168	4283
COV	[169-169]	169	4326
COV	[170-170]	170	4208
COV	[171-171]	171	4171
COV	[172-172]	172	4083
COV	[173-173]	173	4007
COV	[174-174]	174	3984
COV	[175-175]	175	3901
COV	[176-176]	176	3828
COV	[177-177]	177	3751
COV	[178-178]	178	3778
COV	[179-179]	179	3716
COV	[180-180]	180	3541
COV	[181-181]	181	3467
COV	[182-182]	182	3540
COV	[183-183]	183	3402
COV	[184-184]	184	3356
COV	[185-185]	185	3315
COV	[186-186]	186	3143
COV	[187-187]	187	3231
COV	[188-188]	188	3214
COV	[189-189]	189	3104
COV	[190-190]	190	3010
COV	[191-191]	191	3036
COV	[192-192]	192	3025
COV	[193-193]	193	2912
COV	[194-194]	194	2837
COV	[195-195]	195	2772
COV	[196-196]	196	2748
COV	[197-197]	197	2597
COV	[198-198]	198	2573
COV	[199-199]	199	2448
COV	[200-200]	200	2575
COV	[201-201]	201	2407
COV	[202-202]	202	2391
COV	[203-203]	203	2434
COV	[204-204]	204	2338
COV	[205-205]	205	2285
COV	[206-206]	206	2191
COV	[207-207]	207	2260
COV	[208-208]	208	2277
COV	[209-209]	209	2145
COV	[210-210]	210	2176
COV	[211-211]	211	2193
COV	[212-212]	212	2112
COV	[213-213]	213	2015
COV	[214-214]	214	2007
COV	[215-215]	215	1948
COV	[216-216]	216	1953
COV	[217-217]	217	1821
COV	[218-218]	218	1914
COV	[219-219]	219	1844
COV	[220-220]	220	1778
COV	[221-221]	221	1675
COV	[222-222]	222	1700
COV	[223-223]	223	1635
COV	[224-224]	224	1633
COV	[225-225]	225	1564
COV	[226-226]	226	1602
COV	[227-227]	227	1553
COV	[228-228]	228	1590
COV	[229-229]	229	1516
COV	[230-230]	230	1610
COV	[231-231]	231	1533
COV	[232-232]	232	1448
COV	[233-233]	233	1496
COV	[234-234]	234	1344
COV	[235-235]	235	1379
COV	[236-236]	236	1310
COV	[237-237]	237	1328
COV	[238-238]	238	1288
COV	[239-239]	239	1253
COV	[240-240]	240	1278
COV	[241-241]	241	1168
COV	[242-242]	242	1200
COV	[243-243]	243	1139
COV	[244-244]	244	1158
COV	[245-245]	245	1081
COV	[246-246]	246	1082
COV	[247-247]	247	1135
COV	[248-248]	248	1015
COV	[249-249]	249	1016
COV	[250-250]	250	945
COV	[251-251]	251	995
COV	[252-252]	252	913
COV	[253-253]	253	939
COV	[254-254]	254	889
COV	[255-255]	255	872
COV	[256-256]	256	866
COV	[257-257]	257	900
COV	[258-258]	258	904
COV	[259-259]	259	877
COV	[260-260]	260	868
COV	[261-261]	261	866
COV	[262-262]	262	851
COV	[263-263]	263	855
COV	[264-264]	264	758
COV	[265-265]	265	828
COV	[266-266]	266	737
COV	[267-267]	267	683
COV	[268-268]	268	687
COV	[269-269]	269	660
COV	[270-270]	270	658
COV	[271-271]	271	668
COV	[272-272]	272	641
COV	[273-273]	273	618
COV	[274-274]	274	688
COV	[275-275]	275	618
COV	[276-276]	276	635
COV	[277-277]	277	637
COV	[278-278]	278	593
COV	[279-279]	279	578
COV	[280-280]	280	546
COV	[281-281]	281	549
COV	[282-282]	282	552
COV	[283-283]	283	502
COV	[284-284]	284	555
COV	[285-285]	285	554
COV	[286-286]	286	565
COV	[287-287]	287	525
COV	[288-288]	288	529
COV	[289-289]	289	507
COV	[290-290]	290	439
COV	[291-291]	291	460
COV	[292-292]	292	477
COV	[293-293]	293	444
COV	[294-294]	294	418
COV	[295-295]	295	453
COV	[296-296]	296	441
COV	[297-297]	297	473
COV	[298-298]	298	465
COV	[299-299]	299	423
COV	[300-300]	300	410
COV	[301-301]	301	425
COV	[302-302]	302	391
COV	[303-303]	303	364
COV	[304-304]	304	390
COV	[305-305]	305	346
COV	[306-306]	306	346
COV	[307-307]	307	370
COV	[308-308]	308	330
COV	[309-309]	309	323
COV	[310-310]	310	341
COV	[311-311]	311	340
COV	[312-312]	312	356
COV	[313-313]	313	327
COV	[314-314]	314	354
COV	[315-315]	315	364
COV	[316-316]	316	289
COV	[317-317]	317	279
COV	[318-318]	318	295
COV	[319-319]	319	260
COV	[320-320]	320	272
COV	[321-321]	321	288
COV	[322-322]	322	310
COV	[323-323]	323	299
COV	[324-324]	324	278
COV	[325-325]	325	258
COV	[326-326]	326	251
COV	[327-327]	327	239
COV	[328-328]	328	241
COV	[329-329]	329	263
COV	[330-330]	330	237
COV	[331-331]	331	209
COV	[332-332]	332	197
COV	[333-333]	333	194
COV	[334-334]	334	221
COV	[335-335]	335	196
COV	[336-336]	336	174
COV	[337-337]	337	172
COV	[338-338]	338	164
COV	[339-339]	339	200
COV	[340-340]	340	182
COV	[341-341]	341	164
COV	[342-342]	342	169
COV	[343-343]	343	170
COV	[344-344]	344	183
COV	[345-345]	345	188
COV	[346-346]	346	165
COV	[347-347]	347	153
COV	[348-348]	348	161
COV	[349-349]	349	168
COV	[350-350]	350	162
COV	[351-351]	351	141
COV	[352-352]	352	125
COV	[353-353]	353	154
COV	[354-354]	354	139
COV	[355-355]	355	146
COV	[356-356]	356	126
COV	[357-357]	357	126
COV	[358-358]	358	174
COV	[359-359]	359	153
COV	[360-360]	360	126
COV	[361-361]	361	145
COV	[362-362]	362	114
COV	[363-363]	363	131
COV	[364-364]	364	117
COV	[365-365]	365	128
COV	[366-366]	366	112
COV	[367-367]	367	113
COV	[368-368]	368	149
COV	[369-369]	369	104
COV	[370-370]	370	127
COV	[371-371]	371	106
COV	[372-372]	372	108
COV	[373-373]	373	124
COV	[374-374]	374	122
COV	[375-375]	375	110
COV	[376-376]	376	115
COV	[377-377]	377	120
COV	[378-378]	378	110
COV	[379-379]	379	126
COV	[380-380]	380	126
COV	[381-381]	381	85
COV	[382-382]	382	93
COV	[383-383]	383	97
COV	[384-384]	384	71
COV	[385-385]	385	72
COV	[386-386]	386	77
COV	[387-387]	387	90
COV	[388-388]	388	74
COV	[389-389]	389	56
COV	[390-390]	390	82
COV	[391-391]	391	65
COV	[392-392]	392	68
COV	[393-393]	393	86
COV	[394-394]	394	73
COV	[395-395]	395	76
COV	[396-396]	396	51
COV	[397-397]	397	62
COV	[398-398]	398	62
COV	[399-399]	399	63
COV	[400-400]	400	48
COV	[401-401]	401	45
COV	[402-402]	402	58
COV	[403-403]	403	48
COV	[404-404]	404	38
COV	[405-405]	405	36
COV	[406-406]	406	46
COV	[407-407]	407	44
COV	[408-408]	408	50
COV	[409-409]	409	60
COV	[410-410]	410	50
COV	[411-411]	411	44
COV	[412-412]	412	39
COV	[413-413]	413	52
COV	[414-414]	414	43
COV	[415-415]	415	40
COV	[416-416]	416	36
COV	[417-417]	417	40
COV	[418-418]	418	34
COV	[419-419]	419	39
COV	[420-420]	420	41
COV	[421-421]	421	53
COV	[422-422]	422	47
COV	[423-423]	423	51
COV	[424-424]	424	43
COV	[425-425]	425	46
COV	[426-426]	426	28
COV	[427-427]	427	24
COV	[428-428]	428	37
COV	[429-429]	429	29
COV	[430-430]	430	27
COV	[431-431]	431	34
COV	[432-432]	432	29
COV	[433-433]	433	39
COV	[434-434]	434	25
COV	[435-435]	435	37
COV	[436-436]	436	31
COV	[437-437]	437	35
COV	[438-438]	438	37
COV	[439-439]	439	36
COV	[440-440]	440	32
COV	[441-441]	441	39
COV	[442-442]	442	37
COV	[443-443]	443	34
COV	[444-444]	444	28
COV	[445-445]	445	23
COV	[446-446]	446	24
COV	[447-447]	447	30
COV	[448-448]	448	27
COV	[449-449]	449	24
COV	[450-450]	450	32
COV	[451-451]	451	29
COV	[452-452]	452	29
COV	[453-453]	453	33
COV	[454-454]	454	26
COV	[455-455]	455	26
COV	[456-456]	456	25
COV	[457-457]	457	27
COV	[458-458]	458	14
COV	[459-459]	459	20
COV	[460-460]	460	27
COV	[461-461]	461	27
COV	[462-462]	462	23
COV	[463-463]	463	12
COV	[464-464]	464	29
COV	[465-465]	465	19
COV	[466-466]	466	25
COV	[467-467]	467	19
COV	[468-468]	468	22
COV	[469-469]	469	15
COV	[470-470]	470	26
COV	[471-471]	471	20
COV	[472-472]	472	22
COV	[473-473]	473	28
COV	[474-474]	474	21
COV	[475-475]	475	28
COV	[476-476]	476	23
COV	[477-477]	477	26
COV	[478-478]	478	19
COV	[479-479]	479	25
COV	[480-480]	480	31
COV	[481-481]	481	18
COV	[482-482]	482	22
COV	[483-483]	483	15
COV	[484-484]	484	14
COV	[485-485]	485	14
COV	[486-486]	486	17
COV	[487-487]	487	19
COV	[488-488]	488	15
COV	[489-489]	489	13
COV	[490-490]	490	9
COV	[491-491]	491	15
COV	[492-492]	492	18
COV	[493-493]	493	13
COV	[494-494]	494	17
COV	[495-495]	495	20
COV	[496-496]	496	17
COV	[497-497]	497	23
COV	[498-498]	498	15
COV	[499-499]	499	13
COV	[500-500]	500	14
COV	[501-501]	501	11
COV	[502-502]	502	13
COV	[503-503]	503	29
COV	[504-504]	504	8
COV	[505-505]	505	16
COV	[506-506]	506	18
COV	[507-507]	507	14
COV	[508-508]	508	11
COV	[509-509]	509	10
COV	[510-510]	510	11
COV	[511-511]	511	11
COV	[512-512]	512	12
COV	[513-513]	513	7
COV	[514-514]	514	7
COV	[515-515]	515	11
COV	[516-516]	516	4
COV	[517-517]	517	6
COV	[518-518]	518	10
COV	[519-519]	519	11
COV	[520-520]	520	6
COV	[521-521]	521	12
COV	[522-522]	522	8
COV	[523-523]	523	7
COV	[524-524]	524	7
COV	[525-525]	525	8
COV	[526-526]	526	6
COV	[527-527]	527	7
COV	[528-528]	528	10
COV	[529-529]	529	7
COV	[530-530]	530	5
COV	[531-531]	531	2
COV	[532-532]	532	6
COV	[533-533]	533	6
COV	[534-534]	534	5
COV	[535-535]	535	3
COV	[536-536]	536	5
COV	[537-537]	537	3
COV	[538-538]	538	5
COV	[539-539]	539	7
COV	[540-540]	540	7
COV	[541-541]	541	8
COV	[542-542]	542	8
COV	[543-543]	543	6
COV	[544-544]	544	4
COV	[545-545]	545	10
COV	[546-546]	546	5
COV	[547-547]	547	5
COV	[548-548]	548	6
COV	[549-549]	549	4
COV	[550-550]	550	8
COV	[551-551]	551	11
COV	[552-552]	552	12
COV	[553-553]	553	8
COV	[554-554]	554	4
COV	[555-555]	555	5
COV	[556-556]	556	5
COV	[557-557]	557	7
COV	[558-558]	558	4
COV	[559-559]	559	9
COV	[560-560]	560	6
COV	[561-561]	561	6
COV	[562-562]	562	6
COV	[563-563]	563	6
COV	[564-564]	564	4
COV	[565-565]	565	3
COV	[566-566]	566	4
COV	[567-567]	567	4
COV	[568-568]	568	7
COV	[569-569]	569	7
COV	[570-570]	570	6
COV	[571-571]	571	2
COV	[572-572]	572	4
COV	[573-573]	573	7
COV	[574-574]	574	3
COV	[575-575]	575	7
COV	[576-576]	576	4
COV	[577-577]	577	5
COV	[578-578]	578	3
COV	[579-579]	579	4
COV	[580-580]	580	2
COV	[581-581]	581	6
COV	[582-582]	582	7
COV	[583-583]	583	5
COV	[584-584]	584	7
COV	[585-585]	585	3
COV	[586-586]	586	5
COV	[587-587]	587	7
COV	[588-588]	588	7
COV	[589-589]	589	5
COV	[590-590]	590	3
COV	[591-591]	591	4
COV	[592-592]	592	4
COV	[593-593]	593	3
COV	[594-594]	594	3
COV	[595-595]	595	12
COV	[596-596]	596	4
COV	[597-597]	597	6
COV	[598-598]	598	6
COV	[599-599]	599	6
COV	[600-600]	600	5
COV	[601-601]	601	9
COV	[602-602]	602	8
COV	[603-603]	603	9
COV	[604-604]	604	5
COV	[605-605]	605	4
COV	[606-606]	606	8
COV	[607-607]	607	4
COV	[608-608]	608	7
COV	[609-609]	609	7
COV	[610-610]	610	4
COV	[611-611]	611	6
COV	[612-612]	612	4
COV	[613-613]	613	8
COV	[614-614]	614	4
COV	[615-615]	615	6
COV	[616-616]	616	5
COV	[617-617]	617	9
COV	[618-618]	618	5
COV	[619-619]	619	7
COV	[620-620]	620	11
COV	[621-621]	621	5
COV	[622-622]	622	8
COV	[623-623]	623	5
COV	[624-624]	624	8
COV	[626-626]	626	5
COV	[627-627]	627	6
COV	[628-628]	628	3
COV	[629-629]	629	8
COV	[630-630]	630	9
COV	[631-631]	631	6
COV	[632-632]	632	6
COV	[633-633]	633	7
COV	[634-634]	634	4
COV	[635-635]	635	5
COV	[636-636]	636	9
COV	[637-637]	637	6
COV	[638-638]	638	7
COV	[639-639]	639	4
COV	[640-640]	640	4
COV	[641-641]	641	4
COV	[642-642]	642	5
COV	[643-643]	643	4
COV	[644-644]	644	6
COV	[645-645]	645	6
COV	[646-646]	646	6
COV	[647-647]	647	2
COV	[648-648]	648	5
COV	[649-649]	649	3
COV	[650-650]	650	6
COV	[651-651]	651	8
COV	[652-652]	652	9
COV	[653-653]	653	10
COV	[654-654]	654	7
COV	[655-655]	655	3
COV	[656-656]	656	5
COV	[657-657]	657	4
COV	[658-658]	658	2
COV	[659-659]	659	4
COV	[660-660]	660	1
COV	[661-661]	661	6
COV	[662-662]	662	4
COV	[663-663]	663	5
COV	[664-664]	664	2
COV	[665-665]	665	4
COV	[666-666]	666	4
COV	[667-667]	667	7
COV	[668-668]	668	9
COV	[669-669]	669	5
COV	[670-670]	670	7
COV	[671-671]	671	8
COV	[672-672]	672	2
COV	[673-673]	673	14
COV	[674-674]	674	7
COV	[675-675]	675	8
COV	[676-676]	676	7
COV	[677-677]	677	4
COV	[678-678]	678	7
COV	[679-679]	679	12
COV	[680-680]	680	10
COV	[681-681]	681	10
COV	[682-682]	682	9
COV	[683-683]	683	7
COV	[684-684]	684	7
COV	[685-685]	685	5
COV	[686-686]	686	9
COV	[687-687]	687	4
COV	[688-688]	688	12
COV	[689-689]	689	6
COV	[690-690]	690	8
COV	[691-691]	691	8
COV	[692-692]	692	9
COV	[693-693]	693	8
COV	[694-694]	694	4
COV	[695-695]	695	11
COV	[696-696]	696	6
COV	[697-697]	697	8
COV	[698-698]	698	8
COV	[699-699]	699	9
COV	[700-700]	700	2
COV	[701-701]	701	4
COV	[702-702]	702	5
COV	[703-703]	703	5
COV	[704-704]	704	8
COV	[705-705]	705	8
COV	[706-706]	706	3
COV	[707-707]	707	3
COV	[708-708]	708	14
COV	[709-709]	709	5
COV	[710-710]	710	14
COV	[711-711]	711	11
COV	[712-712]	712	8
COV	[713-713]	713	6
COV	[714-714]	714	8
COV	[715-715]	715	5
COV	[716-716]	716	8
COV	[717-717]	717	12
COV	[718-718]	718	7
COV	[719-719]	719	9
COV	[720-720]	720	1
COV	[721-721]	721	6
COV	[722-722]	722	4
COV	[723-723]	723	6
COV	[724-724]	724	7
COV	[725-725]	725	6
COV	[726-726]	726	5
COV	[727-727]	727	9
COV	[728-728]	728	7
COV	[729-729]	729	8
COV	[730-730]	730	7
COV	[731-731]	731	13
COV	[732-732]	732	14
COV	[733-733]	733	6
COV	[734-734]	734	10
COV	[735-735]	735	8
COV	[736-736]	736	5
COV	[737-737]	737	9
COV	[738-738]	738	3
COV	[739-739]	739	6
COV	[740-740]	740	7
COV	[741-741]	741	9
COV	[742-742]	742	7
COV	[743-743]	743	7
COV	[744-744]	744	4
COV	[745-745]	745	7
COV	[746-746]	746	2
COV	[747-747]	747	8
COV	[748-748]	748	3
COV	[749-749]	749	11
COV	[750-750]	750	9
COV	[751-751]	751	7
COV	[752-752]	752	3
COV	[753-753]	753	3
COV	[754-754]	754	4
COV	[755-755]	755	6
COV	[756-756]	756	4
COV	[757-757]	757	2
COV	[758-758]	758	3
COV	[759-759]	759	10
COV	[760-760]	760	7
COV	[761-761]	761	5
COV	[762-762]	762	7
COV	[763-763]	763	3
COV	[764-764]	764	3
COV	[765-765]	765	4
COV	[766-766]	766	3
COV	[767-767]	767	4
COV	[768-768]	768	3
COV	[769-769]	769	4
COV	[770-770]	770	8
COV	[771-771]	771	8
COV	[772-772]	772	1
COV	[773-773]	773	4
COV	[774-774]	774	3
COV	[775-775]	775	3
COV	[776-776]	776	2
COV	[777-777]	777	4
COV	[778-778]	778	6
COV	[779-779]	779	5
COV	[780-780]	780	6
COV	[781-781]	781	6
COV	[782-782]	782	7
COV	[783-783]	783	4
COV	[784-784]	784	5
COV	[785-785]	785	2
COV	[786-786]	786	10
COV	[787-787]	787	3
COV	[788-788]	788	4
COV	[789-789]	789	6
COV	[790-790]	790	4
COV	[791-791]	791	8
COV	[792-792]	792	5
COV	[793-793]	793	3
COV	[794-794]	794	4
COV	[795-795]	795	3
COV	[796-796]	796	7
COV	[797-797]	797	5
COV	[798-798]	798	6
COV	[799-799]	799	4
COV	[800-800]	800	6
COV	[802-802]	802	2
COV	[803-803]	803	2
COV	[804-804]	804	4
COV	[805-805]	805	4
COV	[806-806]	806	2
COV	[807-807]	807	4
COV	[808-808]	808	1
COV	[809-809]	809	3
COV	[810-810]	810	4
COV	[811-811]	811	2
COV	[813-813]	813	2
COV	[814-814]	814	1
COV	[815-815]	815	3
COV	[816-816]	816	1
COV	[817-817]	817	3
COV	[818-818]	818	8
COV	[819-819]	819	2
COV	[820-820]	820	1
COV	[822-822]	822	1
COV	[823-823]	823	1
COV	[824-824]	824	2
COV	[825-825]	825	1
COV	[826-826]	826	1
COV	[827-827]	827	1
COV	[828-828]	828	4
COV	[829-829]	829	3
COV	[830-830]	830	1
COV	[831-831]	831	2
COV	[833-833]	833	2
COV	[835-835]	835	1
COV	[836-836]	836	3
COV	[837-837]	837	4
COV	[840-840]	840	1
COV	[841-841]	841	4
COV	[842-842]	842	6
COV	[843-843]	843	1
COV	[844-844]	844	5
COV	[846-846]	846	1
COV	[847-847]	847	5
COV	[849-849]	849	1
COV	[852-852]	852	3
COV	[853-853]	853	3
COV	[854-854]	854	3
COV	[855-855]	855	1
COV	[856-856]	856	5
COV	[857-857]	857	3
COV	[858-858]	858	1
COV	[860-860]	860	2
COV	[861-861]	861	1
COV	[862-862]	862	1
COV	[863-863]	863	1
COV	[864-864]	864	2
COV	[866-866]	866	1
COV	[867-867]	867	2
COV	[868-868]	868	3
COV	[870-870]	870	3
COV	[873-873]	873	4
COV	[875-875]	875	1
COV	[878-878]	878	2
COV	[879-879]	879	3
COV	[880-880]	880	1
COV	[881-881]	881	5
COV	[882-882]	882	1
COV	[883-883]	883	1
COV	[884-884]	884	1
COV	[888-888]	888	1
COV	[889-889]	889	1
COV	[890-890]	890	1
COV	[892-892]	892	2
COV	[895-895]	895	1
COV	[898-898]	898	3
COV	[900-900]	900	1
COV	[904-904]	904	1
COV	[905-905]	905	1
COV	[920-920]	920	2
COV	[926-926]	926	1
COV	[927-927]	927	1
COV	[931-931]	931	1
COV	[936-936]	936	1
COV	[938-938]	938	2
COV	[939-939]	939	1
# GC-depth. Use `grep ^GCD | cut -f 2-` to extract this part. The columns are: GC%, unique sequence percentiles, 10th, 25th, 50th, 75th and 90th depth percentile
GCD	0.0	0.139	0.000	0.000	0.000	0.000	0.000
GCD	0.4	0.209	0.192	0.192	0.192	0.192	0.192
GCD	34.0	0.278	0.030	0.030	0.030	0.030	0.030
GCD	35.0	0.626	0.010	0.020	0.141	1.520	2.283
GCD	36.0	1.670	0.010	0.020	0.222	4.126	5.860
GCD	37.0	3.132	0.010	0.020	0.040	2.737	3.907
GCD	38.0	5.637	0.010	0.020	0.040	1.947	3.326
GCD	39.0	7.446	0.017	0.030	0.540	2.308	8.362
GCD	40.0	10.647	0.010	0.020	0.356	3.769	7.483
GCD	41.0	13.500	0.010	0.020	0.283	2.525	8.163
GCD	42.0	17.467	0.010	0.025	0.636	4.934	9.788
GCD	43.0	22.825	0.020	0.045	0.717	6.320	10.894
GCD	44.0	26.583	0.020	0.038	2.131	5.236	11.383
GCD	45.0	32.916	0.022	0.051	1.485	6.060	9.731
GCD	46.0	39.736	0.020	0.048	2.111	8.644	13.118
GCD	47.0	46.347	0.020	0.051	1.980	5.979	10.375
GCD	48.0	53.027	0.029	0.051	3.245	9.329	13.885
GCD	49.0	58.107	0.030	0.051	1.020	8.363	15.031
GCD	50.0	63.605	0.030	0.051	1.757	10.095	15.902
GCD	51.0	69.102	0.051	0.101	4.575	10.342	18.559
GCD	52.0	74.252	0.040	0.081	4.043	10.536	16.892
GCD	53.0	79.054	0.051	0.152	6.393	12.567	19.932
GCD	54.0	83.438	0.061	0.232	4.000	12.918	17.266
GCD	55.0	88.239	0.071	2.257	7.959	15.524	23.634
GCD	56.0	91.093	0.063	1.507	15.372	20.695	32.044
GCD	57.0	94.154	0.078	1.696	6.787	18.650	35.638
GCD	58.0	95.894	0.054	0.098	7.090	17.369	22.211
GCD	59.0	97.704	0.869	7.976	20.892	29.045	40.559
GCD	60.0	98.260	0.091	2.177	17.738	27.067	31.093
GCD	61.0	98.887	0.111	3.320	12.675	16.276	21.558
GCD	62.0	99.582	0.055	0.106	6.984	17.332	26.664
GCD	63.0	99.791	0.071	0.071	15.195	60.605	60.605
GCD	64.0	100.000	15.155	15.155	19.104	43.677	43.677
